1.000000000 0.000000000 0.000000000 0.000000000 0.000000000 1.000000000 0.000000000 0.000000000 0.000000000 0.000000000 1.000000000 0.000000000
0.999892056 -0.000175683 -0.014689780 -0.014913240 0.000238706 0.999990761 0.004288633 0.008320138 0.014688891 -0.004291676 0.999882877 0.367030799
0.999634802 -0.000588084 -0.027016133 -0.046449728 0.000989810 0.999889135 0.014858918 0.006082142 0.027004400 -0.014880233 0.999524534 0.736385524
0.999208272 0.003526330 -0.039628822 -0.084638163 -0.002615547 0.999731779 0.023011239 0.010993739 0.039699338 -0.022889368 0.998949468 1.095125914
0.998618066 0.004602584 -0.052352961 -0.152952209 -0.003384552 0.999722064 0.023330664 0.026848378 0.052445792 -0.023121232 0.998356044 1.397998214
0.997716784 0.006242272 -0.067247584 -0.120327525 -0.004874314 0.999778211 0.020487007 0.055516429 0.067360558 -0.020112446 0.997525990 1.808154345
0.996871293 0.002067799 -0.079014055 -0.174176842 -0.000360366 0.999766171 0.021617364 0.007860892 0.079040289 -0.021521259 0.996639073 2.107631683
0.995841742 0.002976611 -0.091051057 -0.223473325 -0.001282036 0.999824941 0.018664083 0.013458183 0.091090679 -0.018469743 0.995671332 2.442388058
0.994453251 0.005628741 -0.105028592 -0.218054980 -0.003988914 0.999866903 0.015816681 0.017829962 0.105103627 -0.015310000 0.994343400 2.844590664
0.993096113 0.009830089 -0.116890155 -0.283660620 -0.008217187 0.999864340 0.014272372 0.033654917 0.117014594 -0.013213331 0.993042290 3.123563766
0.991603076 0.009077344 -0.128999099 -0.329235733 -0.007964462 0.999926448 0.009140322 0.049796451 0.129072577 -0.008036163 0.991602600 3.451689243
0.989895344 0.006889748 -0.141632140 -0.372226626 -0.005868590 0.999953687 0.007626376 0.068938568 0.141678095 -0.006718134 0.989889979 3.778686523
0.988409758 0.004907808 -0.151730299 -0.456632912 -0.003271822 0.999933779 0.011029977 0.097490132 0.151774392 -0.010405703 0.988360345 4.150640011
0.986169577 0.004129703 -0.165687889 -0.473475933 -0.001491842 0.999870300 0.016041949 0.062211026 0.165732622 -0.015572904 0.986047745 4.444745541
0.984018624 0.002655141 -0.178046092 -0.539737999 -0.000028724 0.999891222 0.014752289 0.072734095 0.178065881 -0.014511413 0.983911574 4.769011021
0.981814444 0.002858695 -0.189821497 -0.611140668 -0.000284244 0.999907613 0.013588320 0.084650636 0.189842805 -0.013287252 0.981724560 5.081135273
0.979374111 0.004957379 -0.201994747 -0.672227919 -0.001453150 0.999845982 0.017492723 0.086406410 0.202050358 -0.016838389 0.979230344 5.421203136
0.977207482 0.008478750 -0.212117016 -0.745564222 -0.006025799 0.999907315 0.012207925 0.118369117 0.212200865 -0.010651503 0.977168024 5.842112541
0.975015461 0.006406990 -0.222044587 -0.879289687 -0.005163877 0.999967635 0.006178583 0.077373646 0.222076938 -0.004877603 0.975016952 6.017835617
0.972200871 0.002309735 -0.234137058 -0.956023514 -0.002674895 0.999995708 -0.001242055 0.079139486 0.234133169 0.001833817 0.972202778 6.329542160
0.969331622 -0.003802217 -0.245727003 -1.039131284 0.002107235 0.999972105 -0.007160387 0.094656520 0.245747373 0.006422990 0.969312668 6.644718170
0.966165304 -0.004896871 -0.257876784 -1.117380857 0.003158468 0.999969423 -0.007155039 0.131253183 0.257903963 0.006098455 0.966151297 7.108094692
0.963295579 -0.003078293 -0.268425375 -1.247864008 0.003035586 0.999995232 -0.000574132 0.113693088 0.268425852 -0.000261769 0.963300288 7.331419945
0.959870994 -0.000349312 -0.280441791 -1.353621602 0.001543120 0.999990702 0.004036087 0.115856670 0.280437768 -0.004306879 0.959862530 7.654760361
0.956459403 -0.000487221 -0.291864902 -1.460163832 0.001501890 0.999993563 0.003252462 0.126458675 0.291861475 -0.003549195 0.956453979 7.981898785
0.953376830 0.001064277 -0.301780641 -1.583703518 0.000073622 0.999993026 0.003759223 0.130972326 0.301782519 -0.003606173 0.953369975 8.288153648
0.949246943 0.008126683 -0.314427108 -1.690565705 -0.004418373 0.999912024 0.012504782 0.132965535 0.314501107 -0.010480867 0.949199259 8.635482788
0.946175337 0.011425836 -0.323452711 -1.863459945 -0.005153947 0.999781787 0.020240378 0.130659387 0.323613405 -0.017483894 0.946027875 8.868325233
0.942443609 0.005916964 -0.334312737 -1.974525332 0.001611679 0.999751389 0.022237895 0.131696835 0.334361166 -0.021496763 0.942199886 9.189180374
0.938395143 0.000628805 -0.345563322 -2.094297647 0.006634734 0.999781191 0.019836215 0.144480333 0.345500201 -0.020906933 0.938185811 9.495338440
0.934112370 -0.002692139 -0.356968790 -2.218364239 0.010133375 0.999768436 0.018977001 0.150572091 0.356835067 -0.021343954 0.933923542 9.820168495
0.929809451 0.003872094 -0.368020773 -2.367412806 0.002821056 0.999840260 0.017647160 0.163050696 0.368030310 -0.017446704 0.929650128 10.127813339
0.923973978 0.007464936 -0.382382482 -2.471197367 -0.001761067 0.999881923 0.015264493 0.196164936 0.382451296 -0.013430594 0.923878014 10.565080643
0.920077085 0.002157189 -0.391731530 -2.665737629 0.005751048 0.999802649 0.019013459 0.123727612 0.391695321 -0.019746713 0.919883013 10.741633415
0.915090859 -0.002223616 -0.403241545 -2.812716007 0.011581715 0.999717116 0.020770021 0.136902660 0.403081328 -0.023676688 0.914857805 11.081487656
0.909862816 -0.002550468 -0.414901316 -2.977781773 0.013825475 0.999612033 0.024173960 0.149260581 0.414678782 -0.027731195 0.909545124 11.425622940
0.903642833 0.001425801 -0.428284347 -3.160250902 0.011483407 0.999554217 0.027556609 0.157643691 0.428132772 -0.029819500 0.903223693 11.775351524
0.898374081 0.005857285 -0.439192027 -3.386192322 0.005326871 0.999692261 0.024228593 0.220052004 0.439198852 -0.024105860 0.898066401 12.098661423
0.890629053 0.004094998 -0.454712063 -3.536435843 0.006447975 0.999745071 0.021632832 0.225310713 0.454684764 -0.022198796 0.890375674 12.486610413
0.883801043 0.003485982 -0.467849970 -3.744494200 0.006612665 0.999779284 0.019941209 0.235560462 0.467816204 -0.020717794 0.883582830 12.846844673
0.875723720 0.000696643 -0.482811958 -3.945919752 0.009976573 0.999759316 0.019538034 0.238949761 0.482709348 -0.021926729 0.875506043 13.212251663
0.868132353 -0.002893676 -0.496324360 -4.202336788 0.013434020 0.999753594 0.017668976 0.247654691 0.496150970 -0.022006642 0.867957354 13.587753296
0.859436870 -0.008064656 -0.511178195 -4.419595242 0.018329138 0.999718785 0.015044360 0.238603741 0.510913134 -0.022299135 0.859343112 13.913900375
0.850068390 -0.005059514 -0.526648045 -4.666098595 0.013362194 0.999839127 0.011962594 0.255946487 0.526502788 -0.017206196 0.849999309 14.281353951
0.838175297 -0.002376351 -0.545395792 -4.972743511 0.009583077 0.999900281 0.010370789 0.300529540 0.545316756 -0.013919109 0.838114500 14.965342522
0.827728391 -0.000380736 -0.561128855 -5.168934822 0.009727784 0.999859273 0.013671155 0.249699086 0.561044633 -0.016774543 0.827615559 15.146690369
0.818919778 -0.002409101 -0.573902965 -5.577738285 0.013867451 0.999782264 0.015591056 0.240034699 0.573740482 -0.020726396 0.818774819 15.532496452
0.807197928 -0.003313362 -0.590271533 -5.892223835 0.012822295 0.999846816 0.011922100 0.378269553 0.590141475 -0.017192133 0.807116628 15.998958588
0.795615673 -0.001436088 -0.605799913 -6.187120914 0.012932505 0.999809504 0.014614545 0.354687363 0.605663538 -0.019462071 0.795482814 16.358564377
0.784234583 -0.000879344 -0.620463729 -6.461363316 0.013245228 0.999794841 0.015324345 0.358174175 0.620323002 -0.020236067 0.784085274 16.679834366
0.772395372 0.000426555 -0.635141909 -6.779846191 0.011742264 0.999819398 0.014951223 0.390641600 0.635033488 -0.019006260 0.772250772 17.065999985
0.760714650 0.002646932 -0.649081051 -7.131307125 0.009561501 0.999837458 0.015283261 0.436591715 0.649016023 -0.017832389 0.760565698 17.481389999
0.749858141 0.003124649 -0.661591232 -7.421684265 0.009602636 0.999832213 0.015605918 0.434454769 0.661528885 -0.018055247 0.749702275 17.748147964
0.739145041 0.004598843 -0.673530579 -7.757788658 0.007382344 0.999861300 0.014928538 0.466616154 0.673505843 -0.016006591 0.739008486 18.123493195
0.728911042 0.006388770 -0.684578657 -8.099600792 0.005863747 0.999861538 0.015574593 0.488366991 0.684583306 -0.015366689 0.728772640 18.474983215
0.719150245 0.005926426 -0.694829285 -8.414784431 0.006848847 0.999854565 0.015616662 0.504515886 0.694820881 -0.015989505 0.719004989 18.794857025
0.709885180 0.008329915 -0.704268157 -8.707098961 0.005451427 0.999835134 0.017320719 0.486888647 0.704296350 -0.016134989 0.709722698 19.046159744
0.701026201 0.009525175 -0.713071883 -8.925570488 0.007255997 0.999763727 0.020488210 0.450586975 0.713098705 -0.019536819 0.700791419 19.184587479
0.692863286 0.009564841 -0.721005499 -9.375505447 0.005492092 0.999813020 0.018541221 0.508637547 0.721047997 -0.016806360 0.692681253 19.691791534
0.685644567 0.012658104 -0.727826416 -9.588561058 0.006227986 0.999710202 0.023253648 0.451927364 0.727909923 -0.020476632 0.685366988 19.816476822
0.681017280 0.011099196 -0.732183218 -10.013560295 0.004276813 0.999807715 0.019134073 0.529452741 0.732254863 -0.016162042 0.680838883 20.180002213
0.676771343 0.014282244 -0.736054718 -10.237753868 0.003054122 0.999748707 0.022207038 0.500818253 0.736186981 -0.017277086 0.676557660 20.307132721
0.673491359 0.011596173 -0.739104211 -10.659556389 0.003056504 0.999824703 0.018471913 0.581420720 0.739188910 -0.014699752 0.673337817 20.724016190
0.670180559 0.014704361 -0.742052436 -10.838520050 0.003278617 0.999735415 0.022771619 0.518542409 0.742190838 -0.017694002 0.669954956 20.883241653
0.669471979 0.014239541 -0.742700815 -11.149204254 0.003805996 0.999737442 0.022598347 0.526587307 0.742827535 -0.017955678 0.669241965 21.160011292
0.669891477 0.013871267 -0.742329419 -11.451315880 0.003150711 0.999763429 0.021524969 0.536730766 0.742452443 -0.016758258 0.669689178 21.431718826
0.672466040 0.010746933 -0.740050018 -11.921714783 0.002856019 0.999849379 0.017114913 0.611760914 0.740122557 -0.013622793 0.672333956 21.859617233
0.675559521 0.009479864 -0.737244487 -12.160800934 0.004025214 0.999855042 0.016545068 0.569718122 0.737294376 -0.014144746 0.675423443 22.070671082
0.680883408 0.007152826 -0.732356966 -12.465046883 0.003736748 0.999905348 0.013240047 0.582242429 0.732382298 -0.011751561 0.680792212 22.347780228
0.686973929 0.005678254 -0.726659834 -12.806509972 0.002721867 0.999942362 0.010386949 0.593807459 0.726676941 -0.009113436 0.686918914 22.712289810
0.694054127 0.011503296 -0.719830871 -13.122215271 -0.001211143 0.999889553 0.014811018 0.609720469 0.719921768 -0.009407830 0.693991482 23.005653381
0.702437818 0.014765419 -0.711591840 -13.430442810 -0.003801152 0.999848366 0.016994441 0.617668033 0.711734951 -0.009232672 0.702387452 23.312068939
0.712046504 0.017511353 -0.701913893 -13.734457970 -0.006288878 0.999807835 0.018563554 0.630413771 0.702104092 -0.008803863 0.712019980 23.633193970
0.723075986 0.019318232 -0.690498292 -14.018527985 -0.007462892 0.999769032 0.020155782 0.625181675 0.690728068 -0.009421052 0.723053217 23.929565430
0.735374153 0.020677511 -0.677345693 -14.337378502 -0.009432413 0.999749899 0.020279137 0.620239675 0.677595556 -0.008523753 0.735385299 24.245714188
0.741812229 0.011030900 -0.670517027 -14.514383316 0.000957416 0.999846280 0.017508026 0.583690882 0.670606971 -0.013629631 0.741687536 24.718799591
0.759778440 0.019247906 -0.649897039 -14.854347229 -0.010833173 0.999797761 0.016946072 0.650095582 0.650091767 -0.005834813 0.759833276 24.936895370
0.773683786 0.020644246 -0.633235455 -15.123176575 -0.014197038 0.999782860 0.015248273 0.664145172 0.633412898 -0.002807271 0.773808956 25.267692566
0.787366629 0.021351943 -0.616115093 -15.381497383 -0.016882181 0.999772012 0.013073221 0.680482805 0.616253853 0.000107950 0.787547588 25.596361160
0.801133096 0.019475477 -0.598169327 -15.617021561 -0.015886562 0.999810159 0.011275291 0.695140004 0.598275423 0.000469847 0.801290452 25.926652908
0.814593911 0.019166019 -0.579714954 -15.840567589 -0.016265400 0.999815702 0.010199479 0.695762098 0.579803646 0.001120861 0.814755499 26.263805389
0.866165221 0.017677337 -0.499445051 -17.038190842 -0.010330788 0.999794006 0.017470444 0.523988545 0.499650955 -0.009972627 0.866169393 26.145616531
0.877603889 0.023746334 -0.478797972 -17.199056625 -0.019002933 0.999710560 0.014750305 0.601880968 0.479009718 -0.003846359 0.877801180 26.496421814
0.889673471 0.021563072 -0.456087828 -17.382070541 -0.017219925 0.999758244 0.013676627 0.615306079 0.456272513 -0.004313933 0.889829636 26.887271881
0.901303649 0.018856281 -0.432777286 -17.547767639 -0.014328709 0.999803185 0.013720802 0.624567747 0.432950824 -0.006165469 0.901396453 27.269969940
0.912320614 0.017449660 -0.409104735 -17.717378616 -0.012899661 0.999820471 0.013878842 0.635668755 0.409273565 -0.007384640 0.912381887 27.675971985
0.923007429 0.018033197 -0.384359419 -17.880140305 -0.013747897 0.999808967 0.013894134 0.639795959 0.384536624 -0.007540253 0.923078954 28.067186356
0.904357255 0.010089259 -0.426657140 -17.157468796 -0.006756623 0.999933720 0.009324089 0.639419436 0.426723003 -0.005549545 0.904365361 28.786325455
0.916119576 0.016614957 -0.400560677 -17.342260361 -0.013972378 0.999857128 0.009517186 0.690194249 0.400661558 -0.003122094 0.916220784 29.186347961
0.926126719 0.014955049 -0.376915812 -17.500139236 -0.012343173 0.999880135 0.009344035 0.701747358 0.377010345 -0.004001424 0.926200390 29.607959747
0.935252368 0.013274677 -0.353732467 -17.643898010 -0.010673897 0.999899805 0.009302391 0.703849733 0.353820533 -0.004924379 0.935300350 30.037593842
0.944117904 0.014172287 -0.329302937 -17.789062500 -0.011722287 0.999886990 0.009424337 0.712460637 0.329399318 -0.005037502 0.944177270 30.470836639
0.952366590 0.012389808 -0.304703474 -17.932619095 -0.008669040 0.999870479 0.013561043 0.632268786 0.304831982 -0.010273599 0.952350736 30.893068314
0.957095802 0.017016623 -0.289271653 -17.928224564 -0.013463313 0.999807537 0.014269176 0.682604730 0.289458781 -0.009762415 0.957140744 31.373826981
0.963919282 0.015685435 -0.265732586 -18.060367584 -0.011548676 0.999786675 0.017122857 0.646969616 0.265944511 -0.013436190 0.963894725 31.787479401
0.972305000 0.025811633 -0.232286245 -18.258340836 -0.022692053 0.999612987 0.016092425 0.711446822 0.232611701 -0.010375693 0.972514391 32.264652252
0.977662802 0.029443752 -0.208107397 -18.348581314 -0.026873346 0.999523699 0.015168426 0.722465336 0.208454922 -0.009237062 0.977988362 32.728244781
0.982539892 0.031551626 -0.183356807 -18.423398972 -0.029442854 0.999465466 0.014212590 0.727673113 0.183707193 -0.008565889 0.982943714 33.193092346
0.986765087 0.029265296 -0.159493282 -18.511533737 -0.026865933 0.999491274 0.017179724 0.690577447 0.159914926 -0.012667416 0.987049520 33.665489197
0.990716994 0.030730471 -0.132421598 -18.571453094 -0.029138094 0.999478102 0.013946549 0.730583549 0.132781088 -0.009958571 0.991095364 34.178607941
0.993834555 0.032160550 -0.106106073 -18.614379883 -0.030763710 0.999417484 0.014775543 0.745525420 0.106519461 -0.011420230 0.994245052 34.691341400
0.996167362 0.034487259 -0.080381915 -18.650922775 -0.033371307 0.999327600 0.015185730 0.765212953 0.080851592 -0.012445076 0.996648490 35.196788788
0.997649670 0.034015514 -0.059481613 -18.652997971 -0.032900948 0.999265969 0.019618450 0.743332028 0.060105290 -0.017615337 0.998036623 35.687934875
0.998951852 0.035810854 -0.028509773 -18.692695618 -0.035573725 0.999328494 0.008781728 0.817143321 0.028805112 -0.007758324 0.999554932 36.244403839
0.999303758 0.037023988 -0.004608623 -18.685781479 -0.036985174 0.999281943 0.008239741 0.820594430 0.004910383 -0.008063551 0.999955416 36.787311554
0.999207914 0.037442714 0.013475811 -18.647546768 -0.037684925 0.999124050 0.018191736 0.773067117 -0.012782861 -0.018685162 0.999743700 37.291988373
0.998553574 0.036884382 0.039118860 -18.605138779 -0.037355039 0.999237359 0.011369324 0.812260211 -0.038669676 -0.012814165 0.999169886 37.869068146
0.997323513 0.037883639 0.062534325 -18.554004669 -0.038642395 0.999192834 0.010968531 0.818227351 -0.062068332 -0.013355649 0.997982562 38.440319061
0.995704651 0.039452001 0.083760343 -18.504804611 -0.040773921 0.999068499 0.014130041 0.814637184 -0.083124876 -0.017484585 0.996385753 38.985221863
0.993671179 0.039870128 0.105014227 -18.417219162 -0.041395053 0.999066174 0.012380940 0.836314082 -0.104422525 -0.016649652 0.994393706 39.578296661
0.991130948 0.039642490 0.126837641 -18.326105118 -0.041557293 0.999058127 0.012484976 0.854823589 -0.126223236 -0.017645275 0.991844952 40.164318085
0.987777531 0.043440059 0.149694771 -18.239988327 -0.046374511 0.998793304 0.016166627 0.860422015 -0.148811832 -0.022911051 0.988600016 40.762283325
0.984028161 0.042088281 0.172965914 -18.105836868 -0.044582192 0.998950005 0.010557274 0.892591298 -0.172339961 -0.018099857 0.984871209 41.389499664
0.980754733 0.037969023 0.191516489 -17.989379883 -0.041848630 0.998991787 0.016251843 0.861607194 -0.190706342 -0.023953775 0.981354833 41.956779480
0.976441562 0.039453350 0.212144732 -17.836927414 -0.042550631 0.999043763 0.010052449 0.893693745 -0.211545274 -0.018842518 0.977186620 42.585418701
0.972265899 0.039395001 0.230536520 -17.698482513 -0.042517491 0.999058902 0.008590319 0.902658880 -0.229981109 -0.018153913 0.973025739 43.176059723
0.967918813 0.039571438 0.248127699 -17.538942337 -0.042616915 0.999067605 0.006912426 0.917404056 -0.247622788 -0.017265104 0.968702674 43.772445679
0.963549614 0.042245105 0.264173716 -17.354930878 -0.046294972 0.998886168 0.009120650 0.946602046 -0.263494194 -0.021018108 0.964432001 44.337387085
0.957739711 0.042728055 0.284445137 -17.182367325 -0.045398898 0.998964965 0.002800183 0.953412175 -0.284031093 -0.015595343 0.958688259 44.907154083
0.952265322 0.041794155 0.302397192 -16.993295670 -0.044356793 0.999014437 0.001608722 0.961263716 -0.302031934 -0.014945299 0.953180611 45.492767334
0.946649313 0.041342400 0.319602937 -16.781852722 -0.043835312 0.999038517 0.000607027 0.966900587 -0.319270521 -0.014584533 0.947551370 46.059871674
0.940936685 0.041258331 0.336059511 -16.552152634 -0.044294782 0.999017537 0.001371153 0.949799836 -0.335672766 -0.016175849 0.941839695 46.620437622
0.935651243 0.029378543 0.351701140 -16.348461151 -0.034565032 0.999366522 0.008475618 0.841953099 -0.351229340 -0.020086782 0.936073959 47.207309723
0.927292466 0.032280892 0.372943103 -16.121335983 -0.036201812 0.999338269 0.003512973 0.850609303 -0.372582912 -0.016758766 0.927847505 47.732147217
0.920320213 0.028503828 0.390125871 -15.877041817 -0.032519460 0.999464214 0.003690514 0.852025986 -0.389811695 -0.016083138 0.920754075 48.280464172
0.913402915 0.022815036 0.406416863 -15.605093002 -0.026779236 0.999633074 0.004068649 0.854013801 -0.406174958 -0.014599849 0.913678646 48.827060699
0.906795740 0.018581962 0.421160638 -15.323908806 -0.022080997 0.999750316 0.003432496 0.874951124 -0.420991689 -0.012412219 0.906979501 49.369064331
0.899716496 0.012589954 0.436293423 -15.087975502 -0.017499527 0.999820709 0.007235756 0.938623190 -0.436124086 -0.014145056 0.899775386 49.979297638
0.893063664 0.014918085 0.449682832 -14.828001976 -0.017802177 0.999839187 0.002185526 0.934799016 -0.449577898 -0.009957150 0.893185675 50.419162750
0.889181435 0.009455557 0.457457036 -14.538322449 -0.011317267 0.999935150 0.001329437 0.936651349 -0.457414746 -0.006359274 0.889230788 50.965976715
0.887060165 0.004272561 0.461634010 -14.234660149 -0.005722624 0.999982178 0.001741266 0.925013840 -0.461618304 -0.004186368 0.887068808 51.501968384
0.886222064 -0.010885860 0.463132739 -13.959123611 0.009030923 0.999939859 0.006222409 0.929265499 -0.463172674 -0.001331919 0.886267066 52.132705688
0.885603368 -0.001615864 0.464439601 -13.712531090 0.003819124 0.999985456 -0.003803270 0.988619328 -0.464426696 0.005141942 0.885596633 52.585948944
0.886233687 -0.005089784 0.463210523 -13.433480263 0.007718836 0.999963045 -0.003780349 0.988833368 -0.463174164 0.006925719 0.886240244 53.147754669
0.888607740 -0.006683349 0.458619356 -13.158401489 0.008356249 0.999963760 -0.001618602 1.001332879 -0.458591938 0.005270641 0.888631344 53.708786011
0.892249703 -0.008596966 0.451460570 -12.875567436 0.008547840 0.999961197 0.002148190 1.015344024 -0.451461494 0.001942291 0.892288506 54.302925110
0.895981312 -0.010948452 0.443956822 -12.625201225 0.009769454 0.999940097 0.004943155 1.047894955 -0.443984330 -0.000091758 0.896034598 54.899452209
0.903486431 -0.032231964 0.427403063 -12.252035141 0.026460454 0.999460876 0.019438148 0.970769346 -0.427799165 -0.006252823 0.903852165 55.535068512
0.908252776 -0.026078282 0.417608410 -12.049275398 0.020854836 0.999636889 0.017067054 1.005741596 -0.417901844 -0.006792044 0.908466756 56.098442078
0.913694382 -0.022910008 0.405755550 -11.812368393 0.017887967 0.999709308 0.016165424 1.022692084 -0.406007886 -0.007512118 0.913838685 56.704517365
0.920082390 -0.020735702 0.391175687 -11.558219910 0.016504683 0.999763370 0.014175536 1.050306439 -0.391377002 -0.006586432 0.920206845 57.312278748
0.926502407 -0.021597866 0.375668436 -11.300558090 0.018282119 0.999756098 0.012389033 1.066697240 -0.375844389 -0.004610454 0.926671267 57.922286987
0.932301581 -0.021849738 0.361021072 -11.042145729 0.019307269 0.999756873 0.010648197 1.083217382 -0.361165941 -0.002957002 0.932496846 58.543190002
0.937646389 -0.024579972 0.346720397 -10.830887794 0.020691771 0.999674618 0.014912331 1.056020737 -0.346974134 -0.006808235 0.937849998 59.146076202
0.942409992 -0.016698446 0.334042907 -10.635754585 0.013897803 0.999845386 0.010772383 1.090659618 -0.334171146 -0.005509539 0.942496359 59.768901825
0.947075248 -0.015865864 0.320619404 -10.427164078 0.012727106 0.999848485 0.011883033 1.101431131 -0.320759386 -0.007173570 0.947133601 60.410682678
0.951205850 -0.015269506 0.308179080 -10.228666306 0.011493981 0.999835014 0.014062747 1.111837387 -0.308342993 -0.009834363 0.951224446 61.052848816
0.955475628 -0.014135991 0.294731110 -10.026227951 0.009675245 0.999815583 0.016587740 1.129204750 -0.294911295 -0.012997584 0.955436289 61.714920044
0.958997846 -0.017081974 0.282898039 -9.843174934 0.011359608 0.999696612 0.021855760 1.127473712 -0.283185542 -0.017746020 0.958900928 62.369750977
0.961404860 -0.012241898 0.274865001 -9.689409256 0.007136706 0.999783099 0.019565899 1.145858526 -0.275044888 -0.016849117 0.961283743 63.018089294
0.964110434 -0.011870205 0.265235931 -9.527003288 0.007577248 0.999823391 0.017202817 1.164702415 -0.265393287 -0.014575657 0.964030027 63.703517914
0.966598511 -0.008983600 0.256137609 -9.367864609 0.005696958 0.999891698 0.013570652 1.177563071 -0.256231815 -0.011658167 0.966545045 64.368896484
0.968699396 -0.007076004 0.248135746 -9.208280563 0.004711585 0.999937654 0.010121289 1.191391110 -0.248191908 -0.008635373 0.968672395 65.065872192
0.970962644 -0.010979470 0.238978982 -9.024487495 0.008660209 0.999904692 0.010752752 1.199406981 -0.239074230 -0.008370914 0.970965207 65.707870483
