1.000000000 0.000000000 0.000000000 0.000000000 0.000000000 1.000000000 0.000000000 0.000000000 0.000000000 0.000000000 1.000000000 0.000000000
0.999891222 -0.000155476 -0.014749930 -0.013352659 0.000219347 0.999990582 0.004328713 0.007731415 0.014749119 -0.004331478 0.999881864 0.365380228
0.999636829 -0.000558205 -0.026942778 -0.047008999 0.000958377 0.999889374 0.014842028 0.005916977 0.026931513 -0.014862459 0.999526799 0.735171497
0.999208510 0.003452020 -0.039628915 -0.082498893 -0.002537591 0.999729872 0.023101944 0.009385403 0.039697960 -0.022983097 0.998947382 1.092587829
0.998588920 0.004024189 -0.052952386 -0.110568628 -0.002712211 0.999688148 0.024825139 -0.004229251 0.053035777 -0.024646489 0.998288333 1.463752508
0.997818410 0.005418273 -0.065795980 -0.148244992 -0.003942334 0.999738157 0.022541193 0.002534668 0.065900885 -0.022232631 0.997578442 1.797904730
0.996910691 0.002812822 -0.078493260 -0.180312440 -0.001123748 0.999767065 0.021554589 0.005819313 0.078535601 -0.021399794 0.996681571 2.131935835
0.995896041 0.003651055 -0.090431057 -0.233982220 -0.001991621 0.999828100 0.018433694 0.013312382 0.090482816 -0.018177940 0.995732069 2.462289095
0.994692266 0.005830070 -0.102729492 -0.269795686 -0.004273179 0.999872684 0.015368818 0.021833958 0.102806017 -0.014848264 0.994590580 2.802332163
0.993402064 0.009882405 -0.114257313 -0.332049549 -0.008352340 0.999868989 0.013862383 0.034881715 0.114379346 -0.012816603 0.993354440 3.131759882
0.991956532 0.009013222 -0.126257762 -0.376648545 -0.007970400 0.999929786 0.008762216 0.048629150 0.126327887 -0.007685413 0.991958737 3.457780361
0.990333378 0.006952437 -0.138533220 -0.427183777 -0.005961167 0.999953568 0.007569095 0.062680364 0.138579413 -0.006670106 0.990328848 3.788714647
0.988705635 0.004398065 -0.149806023 -0.481934547 -0.002591477 0.999921560 0.012252591 0.065586463 0.149848178 -0.011725987 0.988639414 4.132702351
0.986869216 0.004641077 -0.161454916 -0.541455984 -0.002157581 0.999876678 0.015553909 0.067531466 0.161507204 -0.015001321 0.986757517 4.457825184
0.984830201 0.003204908 -0.173491120 -0.611325204 -0.000712491 0.999895632 0.014426622 0.076140352 0.173519284 -0.014084163 0.984729648 4.782339573
0.982621968 0.003319626 -0.185588241 -0.676693559 -0.000895292 0.999913216 0.013145249 0.090017013 0.185615793 -0.012750655 0.982539594 5.100008965
0.980329752 0.005709317 -0.197283775 -0.745748460 -0.002344684 0.999847829 0.017284160 0.088073082 0.197352454 -0.016481612 0.980194032 5.427745819
0.978182971 0.007474302 -0.207610503 -0.832472444 -0.004753063 0.999896169 0.013603163 0.081898563 0.207690611 -0.012319598 0.978116989 5.721546650
0.975759983 0.006361164 -0.218751118 -0.918391287 -0.005307417 0.999971330 0.005404393 0.083409481 0.218779221 -0.004112388 0.975765705 6.028966904
0.973071873 0.002295135 -0.230490461 -0.999851048 -0.002794032 0.999994457 -0.001838130 0.080737770 0.230484962 0.002432629 0.973072827 6.340086937
0.970024526 -0.003396808 -0.242983148 -1.072378755 0.001727930 0.999973416 -0.007081085 0.088067979 0.243000776 0.006448970 0.970004678 6.658550262
0.967068553 -0.005313574 -0.254460365 -1.165253639 0.003992077 0.999975681 -0.005709471 0.099499188 0.254484504 0.004505625 0.967066348 6.981557369
0.963981450 -0.001654259 -0.265964329 -1.274127841 0.001655133 0.999998629 -0.000220854 0.109729566 0.265964299 -0.000227306 0.963982821 7.307327747
0.960571408 0.000965124 -0.278031647 -1.379128218 0.000201757 0.999991357 0.004168298 0.114906445 0.278033286 -0.004060043 0.960562825 7.632221222
0.957174063 0.000938741 -0.289511442 -1.487561584 0.000046032 0.999994218 0.003394671 0.126445338 0.289512962 -0.003262618 0.957168519 7.961854935
0.954002857 0.002124132 -0.299789995 -1.607050061 -0.000974516 0.999991655 0.003984201 0.128573775 0.299795955 -0.003508790 0.953996897 8.271946907
0.949990571 0.008443912 -0.312164456 -1.728356838 -0.004507208 0.999900997 0.013330379 0.122309640 0.312246114 -0.011256742 0.949934542 8.596127510
0.945988476 0.011503688 -0.323996037 -1.848062873 -0.004828050 0.999759257 0.021400386 0.111068152 0.324164271 -0.018680252 0.945816398 8.913887024
0.942369759 0.006061167 -0.334518552 -1.961141467 0.001812155 0.999728739 0.023219176 0.113791279 0.334568530 -0.022487246 0.942103088 9.233677864
0.938368976 0.000518828 -0.345634907 -2.083682299 0.007156624 0.999755323 0.020930335 0.126756236 0.345561206 -0.022113957 0.938135564 9.548548698
0.934126318 -0.002663913 -0.356932759 -2.209464788 0.010426500 0.999749005 0.019825645 0.138951585 0.356790394 -0.022241220 0.933919728 9.871434212
0.929638147 0.003600696 -0.368456244 -2.353259563 0.003454455 0.999823153 0.018486464 0.149350360 0.368457615 -0.018458540 0.929461300 10.178432465
0.924764276 0.007716523 -0.380462050 -2.500614643 -0.001212542 0.999849021 0.017331669 0.155837908 0.380538315 -0.015566384 0.924634099 10.494253159
0.919614375 0.005478360 -0.392784059 -2.647461176 0.001558774 0.999844074 0.017594846 0.165342942 0.392819107 -0.016792737 0.919462383 10.818825722
0.914739430 0.001182214 -0.404042512 -2.798832178 0.007195649 0.999789476 0.019216070 0.179737031 0.403980166 -0.020485047 0.914538324 11.155993462
0.909597337 0.000892541 -0.415489882 -2.966362238 0.009297993 0.999703586 0.022502849 0.194456965 0.415386766 -0.024331754 0.909319401 11.496915817
0.903342128 0.004986584 -0.428891689 -3.149942636 0.006808522 0.999639750 0.025962759 0.202772021 0.428866625 -0.026373371 0.902982771 11.848868370
0.897325993 0.005436189 -0.441334903 -3.341368437 0.006445738 0.999656200 0.025418898 0.209567115 0.441321313 -0.025653768 0.896982372 12.195132256
0.890555799 0.004408475 -0.454852670 -3.531066418 0.006835458 0.999710381 0.023072423 0.206353366 0.454822689 -0.023656406 0.890267670 12.572282791
0.883540392 0.003825425 -0.468339235 -3.735837698 0.006930365 0.999750376 0.021240434 0.220025226 0.468303561 -0.022012545 0.883293331 12.930808067
0.875824094 0.001550843 -0.482627958 -3.949521065 0.009536850 0.999743998 0.020519011 0.227552682 0.482536197 -0.022573795 0.875585020 13.298364639
0.867585301 -0.003169900 -0.497278333 -4.172142029 0.014297436 0.999725282 0.018571522 0.242812067 0.497082800 -0.023222184 0.867392302 13.661050797
0.858719707 -0.007555190 -0.512389779 -4.401921272 0.017239070 0.999751270 0.014149814 0.262409806 0.512155473 -0.020983847 0.858636320 14.043722153
0.849385798 -0.004394683 -0.527754247 -4.657626152 0.012367206 0.999856532 0.011578259 0.273685336 0.527627587 -0.016361253 0.849318206 14.413064957
0.839225709 -0.000729648 -0.543782651 -4.931362152 0.008443541 0.999896049 0.011689348 0.284160793 0.543717504 -0.014401454 0.839144707 14.795583725
0.828442991 0.000284137 -0.560073435 -5.205844402 0.008590975 0.999875724 0.013214755 0.292126119 0.560007632 -0.015759248 0.828337550 15.171633720
0.817371547 -0.000846452 -0.576110184 -5.487591743 0.011286899 0.999830484 0.014544586 0.298526824 0.576000154 -0.018390827 0.817242622 15.562823296
0.805954397 -0.001436295 -0.591975868 -5.772603035 0.013085403 0.999795973 0.015389540 0.306466073 0.591832995 -0.020149510 0.805808783 15.933039665
0.794636846 -0.000183658 -0.607084870 -6.072131634 0.012668025 0.999787211 0.016279208 0.317796439 0.606952727 -0.020626625 0.794470191 16.302377701
0.783061326 0.001739481 -0.621942043 -6.373993874 0.012015763 0.999767244 0.017924750 0.327852398 0.621828377 -0.021509288 0.782858074 16.663324356
0.771565080 0.004122745 -0.636137068 -6.681180000 0.010362170 0.999764860 0.019047571 0.333288074 0.636066020 -0.021288201 0.771340907 17.006179810
0.760228157 0.005560499 -0.649632335 -6.993390083 0.009483960 0.999761760 0.019655965 0.347463876 0.649586856 -0.021104105 0.759994388 17.349016190
0.749081969 0.006491839 -0.662445545 -7.308909893 0.008849176 0.999764740 0.019803995 0.357698113 0.662418246 -0.020696914 0.748848259 17.681564331
0.738345504 0.007167860 -0.674384534 -7.625838280 0.008340140 0.999770045 0.019757444 0.373029411 0.674371064 -0.020212283 0.738115907 18.011558533
0.728218913 0.008596482 -0.685290694 -7.952243328 0.007483732 0.999762058 0.020493828 0.388159156 0.685303688 -0.020052522 0.727981210 18.329828262
0.718272030 0.009910728 -0.695691824 -8.275269508 0.006824662 0.999750018 0.021288468 0.398274988 0.695728958 -0.020038772 0.718024790 18.654386520
0.709074318 0.010223430 -0.705059648 -8.606009483 0.006638217 0.999753773 0.021172538 0.412656575 0.705102563 -0.019693242 0.708831906 18.961463928
0.700308740 0.010672175 -0.713760257 -8.937454224 0.006779341 0.999743700 0.021599790 0.431890965 0.713807881 -0.019965349 0.700056851 19.269369125
0.692409575 0.011906814 -0.721406400 -9.266678810 0.006608453 0.999717176 0.022843162 0.442679524 0.721474409 -0.020584207 0.692135155 19.570526123
0.685354292 0.013225191 -0.728089690 -9.588582039 0.005880156 0.999701977 0.023693839 0.452343374 0.728186011 -0.020519959 0.685072303 19.865165710
0.679662585 0.013863672 -0.733393788 -9.931014061 0.004934126 0.999712288 0.023470646 0.459065586 0.733508289 -0.019570775 0.679398656 20.163412094
0.675114691 0.014443136 -0.737571359 -10.256197929 0.004606202 0.999706268 0.023792421 0.467309833 0.737698317 -0.019460015 0.674849927 20.447381973
0.671620786 0.014755268 -0.740748107 -10.577013969 0.004658151 0.999697864 0.024136841 0.482818276 0.740880370 -0.019661319 0.671349108 20.735328674
0.669347286 0.014338588 -0.742811382 -10.900296211 0.005373667 0.999694169 0.024139440 0.497908503 0.742930293 -0.020149291 0.669065416 21.020519257
0.668837547 0.013382315 -0.743288219 -11.223246574 0.006312088 0.999699771 0.023678645 0.513468921 0.743381798 -0.020528868 0.668552220 21.299266815
0.668943286 0.012779565 -0.743203580 -11.525832176 0.006105622 0.999723911 0.022686044 0.522658408 0.743288398 -0.019713396 0.668680608 21.580526352
0.671183407 0.011771859 -0.741197944 -11.836207390 0.005368976 0.999770403 0.020740379 0.532888830 0.741271853 -0.017900068 0.670966208 21.850341797
0.674176753 0.008984786 -0.738515377 -12.166819572 0.005699635 0.999832869 0.017367069 0.547802627 0.738548040 -0.015917743 0.674012899 22.158441544
0.679546833 0.006100911 -0.733606756 -12.497907639 0.005945406 0.999886751 0.013822670 0.568406224 0.733608067 -0.013754740 0.679433584 22.446569443
0.685207486 0.006272491 -0.728320897 -12.788804054 0.005664979 0.999886692 0.013940923 0.565118730 0.728325903 -0.013678348 0.685094297 22.743143082
0.692713439 0.007827846 -0.721170425 -13.105631828 0.004705090 0.999870777 0.015372394 0.589169621 0.721197546 -0.014041834 0.692587078 23.038448334
0.701094270 0.010990520 -0.712983847 -13.415463448 0.002496621 0.999837220 0.017867303 0.594246209 0.713064194 -0.014306715 0.700952709 23.343423843
0.710083067 0.014367770 -0.703971326 -13.714075089 -0.000182022 0.999795496 0.020221822 0.593846917 0.704117894 -0.014231036 0.709940434 23.676946640
0.721119404 0.015377460 -0.692640126 -14.015185356 -0.000952371 0.999774754 0.021204695 0.602447212 0.692810059 -0.014631466 0.720971584 23.992151260
0.732651532 0.015938140 -0.680417418 -14.304216385 -0.002249695 0.999777019 0.020996442 0.607943535 0.680600286 -0.013852341 0.732523918 24.307806015
0.745349824 0.015019322 -0.666504443 -14.587473869 -0.002922788 0.999810219 0.019261645 0.620988846 0.666667283 -0.012408611 0.745252192 24.633893967
0.758841813 0.014813166 -0.651106536 -14.868668556 -0.004603957 0.999838352 0.017381329 0.639326096 0.651258707 -0.010192014 0.758787334 24.967411041
0.772644818 0.016571647 -0.634622216 -15.125541687 -0.008297474 0.999837458 0.016006295 0.649902046 0.634784281 -0.007101421 0.772656679 25.290456772
0.785182476 0.017360309 -0.619021118 -15.373846054 -0.010768463 0.999838591 0.014381252 0.665538371 0.619170785 -0.004626002 0.785242736 25.649303436
0.799028575 0.016271502 -0.601072848 -15.590754509 -0.010512376 0.999859035 0.013092456 0.667989969 0.601201117 -0.004142543 0.799086988 25.952707291
0.812903464 0.015121251 -0.582202077 -15.826604843 -0.010293924 0.999879718 0.011596432 0.678689122 0.582307339 -0.003433637 0.812961459 26.297254562
0.826453984 0.014881182 -0.562807560 -16.043916702 -0.011174210 0.999887288 0.010029246 0.682801664 0.562893331 -0.001999781 0.826527119 26.649042130
0.840415418 0.014388265 -0.541751802 -16.273170471 -0.011789005 0.999896348 0.008267832 0.687669873 0.541814506 -0.000561700 0.840497911 27.004474640
0.853924215 0.012049188 -0.520257771 -16.490812302 -0.009358788 0.999925852 0.007797287 0.693998158 0.520313025 -0.001789311 0.853973687 27.390375137
0.867338598 0.009077670 -0.497635663 -16.692237854 -0.006613369 0.999955595 0.006714220 0.716882706 0.497674435 -0.002532454 0.867360175 27.758174896
0.879710495 0.008091622 -0.475440741 -16.881610870 -0.005327854 0.999960184 0.007160373 0.724863827 0.475479692 -0.003765977 0.879718602 28.154895782
0.892065406 0.008446237 -0.451827347 -17.065393448 -0.005699288 0.999956071 0.007440294 0.723255575 0.451870412 -0.004062135 0.892074287 28.531240463
0.903842807 0.010731932 -0.427729994 -17.256683350 -0.008760435 0.999939978 0.006577119 0.734295964 0.427774906 -0.002197581 0.903882623 28.928501129
0.914937437 0.012860719 -0.403390676 -17.437158585 -0.010681204 0.999913633 0.007652568 0.728452027 0.403454244 -0.002692923 0.914995790 29.337850571
0.925071239 0.011150488 -0.379629910 -17.600502014 -0.008826696 0.999930084 0.007861303 0.736239314 0.379691094 -0.003921388 0.925104976 29.761407852
0.934296072 0.009206965 -0.356379181 -17.747463226 -0.006900762 0.999946237 0.007742079 0.740873456 0.356431305 -0.004774105 0.934309304 30.192884445
0.942940593 0.009520795 -0.332825005 -17.892440796 -0.007705573 0.999947369 0.006773525 0.761554420 0.332871944 -0.003822425 0.942964315 30.635938644
0.950456381 0.013261748 -0.310574949 -18.005374908 -0.011531025 0.999906003 0.007408090 0.752353787 0.310644031 -0.003459819 0.950519979 31.064115524
0.957805216 0.014566967 -0.287048787 -18.130617142 -0.012685808 0.999884188 0.008412320 0.760943055 0.287138015 -0.004415918 0.957879007 31.515628815
0.964218616 0.015754787 -0.264639735 -18.229244232 -0.013710340 0.999860168 0.009570819 0.772098839 0.264753461 -0.005600062 0.964299917 31.973110199
0.970431685 0.019995827 -0.240546554 -18.345600128 -0.018059833 0.999784350 0.010250351 0.775830686 0.240699649 -0.005603034 0.970583498 32.446098328
0.976183057 0.022876268 -0.215738863 -18.453372955 -0.021388063 0.999728560 0.009230591 0.786352515 0.215891466 -0.004396510 0.976407528 32.920894623
0.981232047 0.026881123 -0.190947801 -18.546710968 -0.025658049 0.999631405 0.008875296 0.784166098 0.191116020 -0.003809375 0.981560051 33.419185638
0.985780001 0.027448555 -0.165784284 -18.616840363 -0.026392853 0.999615014 0.008568017 0.793925107 0.165955648 -0.004070658 0.986124814 33.910625458
0.989681065 0.028054763 -0.140514717 -18.673831940 -0.027186444 0.999597609 0.008095714 0.806694508 0.140685305 -0.004192078 0.990045488 34.410057068
0.992981434 0.029590979 -0.114509225 -18.721187592 -0.028755479 0.999546528 0.008941675 0.817925155 0.114721887 -0.005586148 0.993381977 34.922733307
0.995510936 0.032031868 -0.089061461 -18.768712997 -0.031200048 0.999455690 0.010716707 0.823357046 0.089356251 -0.007889877 0.995968461 35.458293915
0.997335315 0.034098685 -0.064495690 -18.795347214 -0.033368181 0.999366522 0.012370210 0.828076839 0.064876646 -0.010185141 0.997841299 35.985347748
0.998549342 0.035551917 -0.040438227 -18.807378769 -0.035070945 0.999306083 0.012541927 0.836949825 0.040856056 -0.011105524 0.999103308 36.521186829
0.999165595 0.037384231 -0.016445996 -18.810173035 -0.037194580 0.999239683 0.011690532 0.844632804 0.016870536 -0.011069074 0.999796331 37.060493469
0.999290764 0.036855072 0.007726307 -18.790403366 -0.036932841 0.999265969 0.010175489 0.852266371 -0.007345617 -0.010453624 0.999918401 37.612709045
0.998769403 0.037865225 0.032028556 -18.758859634 -0.038181119 0.999227464 0.009309207 0.862953186 -0.031651314 -0.010520637 0.999443650 38.170646667
0.997685850 0.039043423 0.055664800 -18.717267990 -0.039573696 0.999180913 0.008455485 0.870515943 -0.055289079 -0.010638780 0.998413742 38.739326477
0.996123970 0.039861985 0.078409292 -18.665687561 -0.040560715 0.999150097 0.007338436 0.878678560 -0.078050114 -0.010490327 0.996894240 39.321521759
0.994170785 0.040052228 0.100099973 -18.592117310 -0.040994521 0.999132156 0.007373539 0.886551201 -0.099717773 -0.011434108 0.994950056 39.902191162
0.991703808 0.040295113 0.122064441 -18.504755020 -0.041606508 0.999100387 0.008212668 0.896079719 -0.121623695 -0.013223210 0.992488205 40.492343903
0.988659978 0.041289184 0.144384488 -18.421096802 -0.043058515 0.999030650 0.009149614 0.901954770 -0.143866792 -0.015262840 0.989479363 41.092594147
0.985388458 0.040543508 0.165426224 -18.306957245 -0.042739000 0.999038815 0.009732306 0.909342170 -0.164872646 -0.016660254 0.986174107 41.681446075
0.981789827 0.039828084 0.185748428 -18.189203262 -0.042443953 0.999047518 0.010126008 0.916175425 -0.185168207 -0.017825508 0.982545137 42.269275665
0.978021264 0.039364222 0.204755917 -18.058555603 -0.042158090 0.999067664 0.009298819 0.924529552 -0.204198986 -0.017726563 0.978768826 42.855953217
0.974082410 0.039198026 0.222771272 -17.921241760 -0.042144410 0.999075472 0.008485563 0.926891208 -0.222232684 -0.017654199 0.974833786 43.445701599
0.969915390 0.039525796 0.240212470 -17.763101578 -0.042463128 0.999073088 0.007062429 0.932846606 -0.239710644 -0.017050130 0.970694661 44.035167694
0.965219378 0.040479518 0.258288622 -17.603298187 -0.043332390 0.999046326 0.005359702 0.930515349 -0.257825345 -0.016365552 0.966052949 44.629192352
0.960364342 0.040442135 0.275798529 -17.427663803 -0.043247383 0.999055922 0.004094606 0.932186484 -0.275372595 -0.015859876 0.961206734 45.209030151
0.955128312 0.039506014 0.293545932 -17.245393753 -0.042248756 0.999102533 0.003006088 0.939986348 -0.293163747 -0.015273148 0.955940247 45.787326813
0.949696302 0.038843948 0.310754001 -17.040884018 -0.041794326 0.999122143 0.002838494 0.936157048 -0.310370922 -0.015683463 0.950486124 46.354824066
0.943929374 0.039051373 0.327829927 -16.825145721 -0.042221330 0.999104977 0.002554745 0.933533013 -0.327436805 -0.016252913 0.944733322 46.930099487
0.937590837 0.039327912 0.345509320 -16.623455048 -0.042861715 0.999077618 0.002590697 0.935721099 -0.345088780 -0.017238135 0.938411653 47.494171143
0.931177080 0.037775662 0.362604767 -16.392616272 -0.041321538 0.999143839 0.002025207 0.943504691 -0.362217814 -0.016869215 0.931940794 48.058856964
0.924558938 0.033864819 0.379531264 -16.146738052 -0.037382603 0.999299228 0.001900586 0.946723938 -0.379200906 -0.015945071 0.925176919 48.610748291
0.917668700 0.027878881 0.396367222 -15.892959595 -0.031549960 0.999498427 0.002743703 0.939841390 -0.396091878 -0.015023182 0.918087959 49.166397095
0.910883784 0.023582285 0.411988407 -15.626868248 -0.027180256 0.999626398 0.002875283 0.952322662 -0.411766648 -0.013817000 0.911184490 49.721252441
0.904367268 0.016843623 0.426422507 -15.362056732 -0.020429501 0.999783874 0.003836062 0.943580031 -0.426265746 -0.012180808 0.904515982 50.263828278
0.899305522 0.010596089 0.437192500 -15.083398819 -0.013811516 0.999895930 0.004176158 0.947374463 -0.437102735 -0.009793933 0.899358273 50.811412811
0.895936549 0.004712320 0.444156975 -14.792857170 -0.006938733 0.999970198 0.003387279 0.952256262 -0.444127738 -0.006116673 0.895942569 51.356742859
0.893438160 0.000357821 0.449186057 -14.508338928 -0.001593954 0.999995947 0.002373801 0.956293225 -0.449183345 -0.002836826 0.893435180 51.907985687
0.892166138 -0.003969761 0.451690078 -14.224540710 0.004122578 0.999991298 0.000645797 0.966128349 -0.451688707 0.001285970 0.892174721 52.453174591
0.892151773 -0.008812320 0.451649755 -13.938762665 0.009827526 0.999951720 0.000097973 0.956609309 -0.451628834 0.004351193 0.892195225 53.009651184
0.893122137 -0.012508863 0.449640393 -13.654685974 0.013994878 0.999902070 0.000018909 0.961664140 -0.449596614 0.006275775 0.893209696 53.569969177
0.895635366 -0.013950055 0.444570363 -13.373073578 0.014381912 0.999893665 0.002401477 0.971128523 -0.444556683 0.004242924 0.895740688 54.140029907
0.899368823 -0.017007804 0.436859637 -13.102144241 0.015653387 0.999855101 0.006700476 0.973840833 -0.436910272 0.000812134 0.899504781 54.705883026
0.903669298 -0.021332292 0.427699447 -12.832467079 0.018411808 0.999770343 0.010963792 0.979810894 -0.427835107 -0.002032922 0.903854489 55.286827087
0.908949077 -0.026597762 0.416057885 -12.564114571 0.022519918 0.999638200 0.014706319 0.984480739 -0.416298538 -0.003997707 0.909219146 55.871295929
0.914850891 -0.026087569 0.402948141 -12.308193207 0.021227023 0.999638140 0.016524624 0.992813587 -0.403233409 -0.006564179 0.915073633 56.467411041
0.920313656 -0.023640992 0.390466183 -12.078965187 0.018866172 0.999692976 0.016060129 1.007610798 -0.390725970 -0.007413752 0.920477211 57.069316864
0.926311731 -0.021430744 0.376147985 -11.837005615 0.017219486 0.999745786 0.014554584 1.019864917 -0.376364321 -0.007005007 0.926445246 57.681427002
0.932000697 -0.022401519 0.361763448 -11.591729164 0.018946476 0.999734819 0.013095418 1.030974627 -0.361960858 -0.005350796 0.932177961 58.314716339
0.937030554 -0.022028109 0.348552048 -11.387100220 0.019202989 0.999748766 0.011558644 1.037679195 -0.348719090 -0.004137562 0.937218130 58.908203125
0.942091107 -0.019625658 0.334782273 -11.173501968 0.017012350 0.999797583 0.010736846 1.049526334 -0.334925205 -0.004419655 0.942234337 59.534919739
0.946959138 -0.016808739 0.320914119 -10.975334167 0.014284365 0.999845743 0.010219048 1.058792114 -0.321036369 -0.005092966 0.947053134 60.169036865
0.951237202 -0.016135871 0.308038056 -10.775718689 0.013077358 0.999842584 0.011990926 1.062695622 -0.308183014 -0.007377892 0.951298475 60.820568085
0.955208838 -0.015368022 0.295533150 -10.582565308 0.012050240 0.999842167 0.013044568 1.082198858 -0.295687050 -0.008899040 0.955243349 61.482151031
0.959108829 -0.014403151 0.282670736 -10.394031525 0.010333034 0.999820352 0.015884418 1.096242666 -0.282848775 -0.012314041 0.959085464 62.138675690
0.962385595 -0.014056250 0.271323383 -10.218973160 0.009422136 0.999786854 0.018374842 1.106329203 -0.271523803 -0.015127238 0.962312818 62.809978485
0.965315223 -0.012358559 0.260794520 -10.054934502 0.007866877 0.999802351 0.018259970 1.112063169 -0.260968626 -0.015574988 0.965221643 63.479679108
0.967972398 -0.011023021 0.250814587 -9.894710541 0.007414115 0.999854982 0.015329110 1.135975957 -0.250947207 -0.012978585 0.967913806 64.190032959
0.970452785 -0.008840020 0.241129056 -9.723367691 0.006179462 0.999911368 0.011787710 1.142871976 -0.241211906 -0.009949367 0.970421493 64.861015320
0.972377717 -0.007647393 0.233287349 -9.569922447 0.005829047 0.999946952 0.008482895 1.155809522 -0.233339891 -0.006888734 0.972370863 65.541320801
0.974062979 -0.008748773 0.226107821 -9.414655685 0.007264234 0.999946237 0.007396826 1.169028997 -0.226160407 -0.005562473 0.974074244 66.224967957
