1.000000000 0.000000000 0.000000000 0.000000000 0.000000000 1.000000000 0.000000000 0.000000000 0.000000000 0.000000000 1.000000000 0.000000000
0.999998689 0.000716062 0.001452476 -0.006492937 -0.000709483 0.999989510 -0.004524903 -0.002778930 -0.001455701 0.004523867 0.999988735 0.964576602
0.999996722 -0.001393619 0.002146112 -0.002241290 0.001405102 0.999984682 -0.005358819 -0.000541342 -0.002138611 0.005361817 0.999983311 1.918951988
0.999993443 -0.002412305 0.002695871 -0.009543529 0.002415918 0.999996185 -0.001337636 -0.003279823 -0.002692634 0.001344141 0.999995470 2.858472109
0.999985933 -0.004857558 0.002130804 -0.007474293 0.004847208 0.999976575 0.004836022 -0.006791548 -0.002154245 -0.004825626 0.999986053 3.806151390
0.999963582 -0.008516347 0.000555979 -0.004111938 0.008513474 0.999951303 0.004979379 -0.004757981 -0.000598357 -0.004974463 0.999987483 4.743328094
0.999938488 -0.011102846 -0.000139901 -0.005906959 0.011103099 0.999936461 0.001940239 -0.000465873 0.000118350 -0.001941673 0.999998093 5.671993256
0.999928772 -0.011889000 -0.001067943 -0.009484881 0.011887088 0.999927759 -0.001778286 0.006298947 0.001089008 0.001765465 0.999997914 6.600888729
0.999936104 -0.011218413 -0.001398635 -0.018850403 0.011215682 0.999935210 -0.001946841 -0.000863298 0.001420385 0.001931030 0.999997139 7.523307323
0.999934018 -0.011172150 -0.002678889 -0.025377924 0.011171955 0.999937534 -0.000088368 -0.000526149 0.002679709 0.000058433 0.999996424 8.438187599
0.999939561 -0.010601621 -0.002917044 -0.038262758 0.010608935 0.999940515 0.002503599 0.005308191 0.002890329 -0.002534393 0.999992609 9.379305840
0.999933898 -0.010876878 -0.003727147 -0.048025969 0.010892113 0.999932289 0.004091800 0.007119277 0.003682388 -0.004132126 0.999984682 10.300978661
0.999916971 -0.012079909 -0.004479997 -0.051510330 0.012102119 0.999914467 0.004963375 0.007056215 0.004419657 -0.005017182 0.999977648 11.211028099
0.999910653 -0.012207981 -0.005446053 -0.058293600 0.012236154 0.999911785 0.005169760 0.007276905 0.005382461 -0.005235937 0.999971747 12.126320839
0.999900937 -0.012751776 -0.005949963 -0.069615804 0.012772165 0.999912679 0.003401194 0.014749197 0.005906073 -0.003476852 0.999976575 13.025959015
0.999884129 -0.013381243 -0.007259626 -0.080222398 0.013392399 0.999909222 0.001490264 0.020620178 0.007239026 -0.001587315 0.999972522 13.935241699
0.999851525 -0.014671714 -0.009032859 -0.087543659 0.014671718 0.999892414 -0.000065633 0.027784009 0.009032849 -0.000066905 0.999959171 14.839885712
0.999840140 -0.014339842 -0.010688789 -0.103880599 0.014334088 0.999897122 -0.000614635 0.026526706 0.010696502 0.000461323 0.999942660 15.749954224
0.999841392 -0.013172355 -0.011991031 -0.121645994 0.013154390 0.999912202 -0.001575716 0.027449293 0.012010735 0.001417731 0.999926805 16.646940231
0.999836922 -0.012043890 -0.013455966 -0.140254945 0.012025909 0.999926686 -0.001416362 0.025859864 0.013472039 0.001254311 0.999908447 17.527359009
0.999808073 -0.012545666 -0.015043614 -0.156862602 0.012535430 0.999921143 -0.000774317 0.027974987 0.015052143 0.000585590 0.999886513 18.420711517
0.999787867 -0.012249460 -0.016559636 -0.176358834 0.012264705 0.999924362 0.000819285 0.024277050 0.016548352 -0.001022210 0.999862492 19.312173843
0.999769688 -0.011786263 -0.017937142 -0.197840497 0.011813286 0.999929190 0.001401337 0.025677361 0.017919356 -0.001612911 0.999838114 20.190343857
0.999721229 -0.012990583 -0.019715615 -0.212728873 0.013023729 0.999913990 0.001553851 0.023752518 0.019693732 -0.001810189 0.999804378 21.079498291
0.999707460 -0.012593853 -0.020655090 -0.239128605 0.012610222 0.999920249 0.000662302 0.026653858 0.020645101 -0.000922574 0.999786437 21.922681808
0.999667764 -0.012670434 -0.022449214 -0.257507950 0.012697469 0.999918818 0.001062188 0.027907493 0.022433933 -0.001346884 0.999747455 22.786563873
0.999654710 -0.012337059 -0.023202959 -0.283935219 0.012414412 0.999917805 0.003192673 0.028458012 0.023161665 -0.003479621 0.999725640 23.645227432
0.999630332 -0.013266504 -0.023730859 -0.305226743 0.013414152 0.999891460 0.006073437 0.029834002 0.023647713 -0.006389520 0.999699950 24.490562439
0.999600351 -0.013566875 -0.024801578 -0.322928876 0.013755168 0.999877691 0.007437252 0.034539893 0.024697645 -0.007775429 0.999664724 25.331893921
0.999604762 -0.012797174 -0.025033178 -0.356919825 0.012960083 0.999895751 0.006356211 0.037082274 0.024949227 -0.006678131 0.999666452 26.155956268
0.999603868 -0.011147870 -0.025841402 -0.380906731 0.011253762 0.999928951 0.003956023 0.036149323 0.025795460 -0.004245269 0.999658227 26.966604233
0.999587893 -0.010682741 -0.026642229 -0.405643106 0.010741912 0.999940157 0.002078790 0.042107586 0.026618427 -0.002364121 0.999642789 27.768878937
0.999584436 -0.009568912 -0.027188707 -0.437974364 0.009618071 0.999952257 0.001677901 0.045550350 0.027171357 -0.001938706 0.999628961 28.561542511
0.999539793 -0.009919468 -0.028667696 -0.461013496 0.009962001 0.999949396 0.001341235 0.041127838 0.028652947 -0.001626205 0.999588072 29.348682404
0.999475181 -0.009489582 -0.030973807 -0.486544311 0.009508226 0.999954581 0.000454644 0.042517804 0.030968091 -0.000748911 0.999520004 30.124317169
0.999420285 -0.009689318 -0.032639049 -0.518386245 0.009711448 0.999952674 0.000519574 0.040503670 0.032632470 -0.000836245 0.999467015 30.890354156
0.999351978 -0.009786247 -0.034637693 -0.540945053 0.009842793 0.999950469 0.001462286 0.045099020 0.034621667 -0.001802270 0.999398828 31.660093307
0.999272227 -0.009995548 -0.036812574 -0.569930613 0.010137648 0.999941826 0.003675440 0.048149914 0.036773697 -0.004045958 0.999315441 32.413387299
0.999214947 -0.008854562 -0.038616192 -0.606276035 0.009069473 0.999944329 0.005393642 0.048062891 0.038566280 -0.005739636 0.999239624 33.162300110
0.999147177 -0.007916515 -0.040524911 -0.636069000 0.008148949 0.999951184 0.005573594 0.046230815 0.040478822 -0.005899076 0.999162912 33.881542206
0.999094903 -0.005525163 -0.042175665 -0.678235590 0.005739413 0.999971211 0.004960538 0.045316417 0.042147048 -0.005198112 0.999097824 34.587581635
0.999004602 -0.003382798 -0.044479847 -0.705772638 0.003577243 0.999984324 0.004292643 0.051590636 0.044464640 -0.004447485 0.999001086 35.311553955
0.998930812 -0.003171393 -0.046121120 -0.738463938 0.003416050 0.999980509 0.005226814 0.054107636 0.046103645 -0.005378777 0.998922110 36.015361786
0.998898387 -0.001663499 -0.046894923 -0.784545839 0.002005873 0.999971628 0.007254765 0.055395387 0.046881527 -0.007340839 0.998873532 36.695316315
0.998891950 0.001314453 -0.047041889 -0.822115600 -0.000957495 0.999970555 0.007609816 0.060892511 0.047050510 -0.007556342 0.998863935 37.384258270
0.998931408 0.003867676 -0.046055179 -0.851027966 -0.003623225 0.999978900 0.005390101 0.066398412 0.046075057 -0.005217472 0.998924375 38.060985565
0.999005318 0.005639766 -0.044231951 -0.887693644 -0.005540520 0.999981940 0.002366034 0.067760989 0.044244494 -0.002118612 0.999018490 38.701538086
0.999083519 0.005902030 -0.042393170 -0.912961483 -0.005894226 0.999982655 0.000309060 0.076444492 0.042394258 -0.000058902 0.999100983 39.353046417
0.999202788 0.006950607 -0.039311972 -0.941212177 -0.006910777 0.999975502 0.001148973 0.077102892 0.039318994 -0.000876380 0.999226332 40.001781464
0.999274850 0.011645408 -0.036251239 -0.970973551 -0.011513590 0.999926269 0.003842868 0.076960146 0.036293320 -0.003422698 0.999335349 40.647975922
0.999354124 0.015844110 -0.032254040 -0.999969363 -0.015613890 0.999850869 0.007377160 0.077034876 0.032366119 -0.006868784 0.999452531 41.268402100
0.999392331 0.021068305 -0.027770150 -1.027679563 -0.020847257 0.999748826 0.008225558 0.082302101 0.027936473 -0.007641629 0.999580503 41.874423981
0.999444008 0.024582945 -0.022524513 -1.047895432 -0.024393555 0.999665082 0.008644753 0.086551785 0.022729484 -0.008090493 0.999708951 42.462921143
0.999459386 0.028447989 -0.016484788 -1.064268947 -0.028276820 0.999544680 0.010525252 0.091935799 0.016776701 -0.010053425 0.999808729 43.034820557
0.999388099 0.033436544 -0.010267045 -1.071968675 -0.033315029 0.999375403 0.011786838 0.087961189 0.010654744 -0.011437579 0.999877810 43.596473694
0.999316871 0.036798224 -0.003411509 -1.075809121 -0.036756467 0.999256968 0.011587533 0.090696163 0.003835376 -0.011454223 0.999927044 44.129184723
0.999178708 0.040290348 0.004312702 -1.084218025 -0.040337812 0.999119341 0.011550428 0.091836035 -0.003843532 -0.011714906 0.999924004 44.631515503
0.998959184 0.044224117 0.011170517 -1.072920442 -0.044347271 0.998955369 0.011028593 0.096371315 -0.010671116 -0.011512497 0.999876738 45.129211426
0.998650014 0.048293944 0.019125538 -1.072008848 -0.048455384 0.998792768 0.008069225 0.103079073 -0.018712753 -0.008985068 0.999784529 45.602443695
0.998345375 0.050751235 0.027031133 -1.061365724 -0.050915733 0.998688281 0.005432019 0.098174319 -0.026719991 -0.006799343 0.999619782 46.054794312
0.998082280 0.051110856 0.034918673 -1.045418143 -0.051316109 0.998669922 0.005006893 0.102557980 -0.034616321 -0.006789182 0.999377608 46.483726501
0.997825742 0.050080616 0.042843882 -1.021139860 -0.050398819 0.998708785 0.006378870 0.102991119 -0.042469099 -0.008524282 0.999061465 46.880828857
0.997330606 0.052294549 0.050959840 -1.000456452 -0.052733295 0.998581886 0.007302602 0.103891023 -0.050505694 -0.009970388 0.998674035 47.271278381
0.996672332 0.055387270 0.059802774 -0.987239480 -0.055935703 0.998405933 0.007534687 0.101221830 -0.059290126 -0.010854726 0.998181760 47.633998871
0.995851934 0.060316980 0.068122908 -0.956526816 -0.060906790 0.998121500 0.006612514 0.106970958 -0.067596100 -0.010734233 0.997655034 47.960838318
0.994929373 0.064232655 0.077392675 -0.939069450 -0.064972363 0.997861981 0.007075596 0.099695869 -0.076772720 -0.012068103 0.996975601 48.259548187
0.994200528 0.063431963 0.086843804 -0.910059869 -0.064347275 0.997897267 0.007778475 0.097649872 -0.086167790 -0.013321525 0.996191621 48.541831970
0.993313074 0.062177982 0.097278424 -0.868869722 -0.063041903 0.997993827 0.005829620 0.099564649 -0.096720807 -0.011923253 0.995240211 48.821670532
0.992164314 0.060840268 0.109125935 -0.835064411 -0.061366789 0.998114169 0.001469937 0.094262943 -0.108830713 -0.008155126 0.994026840 49.078254700
0.990545928 0.061904386 0.122419611 -0.793299556 -0.062039312 0.998070121 -0.002712995 0.095716193 -0.122351296 -0.004907482 0.992474675 49.343173981
0.988406599 0.063403592 0.137957588 -0.754930735 -0.063340403 0.997980118 -0.004852566 0.092905365 -0.137986615 -0.003941981 0.990426242 49.607196808
0.985912681 0.065131523 0.154058665 -0.704086244 -0.064939238 0.997869432 -0.006285433 0.092043720 -0.154139817 -0.003807566 0.988041699 49.857601166
0.983118176 0.065540195 0.170830786 -0.646788657 -0.065211095 0.997842968 -0.007543220 0.092488818 -0.170956686 -0.003724185 0.985271513 50.112770081
0.979831636 0.064543828 0.189113632 -0.590097666 -0.064003393 0.997909367 -0.008969996 0.095208593 -0.189297214 -0.003314827 0.981914222 50.376659393
0.975923121 0.063965939 0.208524153 -0.522430003 -0.063472845 0.997942388 -0.009062315 0.088485926 -0.208674774 -0.004391497 0.977975190 50.614955902
0.971405447 0.064019032 0.228632763 -0.448330611 -0.063378170 0.997937977 -0.010152220 0.083527878 -0.228811249 -0.004628402 0.973459780 50.855026245
0.966071725 0.066414528 0.249588639 -0.370995820 -0.065345891 0.997783422 -0.012574738 0.084094435 -0.249870569 -0.004161493 0.968270302 51.096183777
0.959780097 0.067632802 0.272484809 -0.289274067 -0.066087551 0.997703254 -0.014855682 0.084080376 -0.272863686 -0.003749668 0.962045372 51.341239929
0.952551365 0.069035038 0.296445727 -0.194813907 -0.067416295 0.997601449 -0.015692530 0.068953902 -0.296818048 -0.005037332 0.954920769 51.564224243
0.944089651 0.071440548 0.321855664 -0.092650510 -0.069806240 0.997421861 -0.016631754 0.063033760 -0.322214067 -0.006765669 0.946642697 51.797988892
0.934112549 0.073808827 0.349264830 0.013237612 -0.072162956 0.997235060 -0.017741358 0.054253899 -0.349608570 -0.008631551 0.936856151 52.039447784
0.922944665 0.074445933 0.377665132 0.134644359 -0.072583109 0.997177780 -0.019185331 0.047680650 -0.378027558 -0.009705110 0.925743520 52.276874542
0.910338461 0.072394565 0.407483518 0.276010782 -0.069779210 0.997335076 -0.021298867 0.038316086 -0.407939494 -0.009044698 0.912964165 52.510883331
0.895317018 0.069898784 0.439910829 0.419519186 -0.066041663 0.997525990 -0.024090409 0.031973891 -0.440506369 -0.007483888 0.897718310 52.740570068
0.878031135 0.069157340 0.473580509 0.575604975 -0.063382789 0.997591734 -0.028165704 0.020144379 -0.474387914 -0.005286487 0.880299985 52.954780579
0.858484745 0.071109071 0.507885277 0.742352009 -0.062779583 0.997463763 -0.033537906 0.015763586 -0.508981884 -0.003093045 0.860771656 53.183448792
0.836709082 0.073011123 0.542758822 0.927572668 -0.062242866 0.997329414 -0.038206611 0.007151411 -0.544098794 -0.001815041 0.839019179 53.408893585
0.812027633 0.075800948 0.578675508 1.124922633 -0.063226447 0.997119606 -0.041890472 -0.001429023 -0.580184042 -0.002571385 0.814481437 53.637100220
0.784564435 0.079808868 0.614889622 1.336736917 -0.066250324 0.996794760 -0.044846103 -0.014287624 -0.616497815 -0.005551982 0.787337065 53.868648529
0.754566908 0.084240474 0.650793552 1.560743570 -0.070013575 0.996400177 -0.047799025 -0.029619033 -0.652477503 -0.009496824 0.757748663 54.096302032
0.721547008 0.085272409 0.687094212 1.822701693 -0.069402851 0.996296346 -0.050763283 -0.042949941 -0.688878179 -0.011058205 0.724792838 54.331912994
0.684738994 0.082843371 0.724064648 2.100440741 -0.065941341 0.996485770 -0.051652331 -0.065194003 -0.725799084 -0.012377440 0.687795341 54.556045532
0.645686984 0.081389248 0.759252369 2.389950991 -0.063115858 0.996589601 -0.053155690 -0.087272815 -0.760989308 -0.013598917 0.648621857 54.755931854
0.603028655 0.080688693 0.793628275 2.724268198 -0.060981415 0.996622920 -0.054991320 -0.109940656 -0.795385301 -0.015235225 0.605912626 54.976345062
0.556780756 0.080761254 0.826724172 3.084750891 -0.057619642 0.996620059 -0.058552511 -0.127536178 -0.828658640 -0.015034644 0.559552252 55.186965942
0.507784128 0.079463407 0.857811689 3.447569370 -0.054363966 0.996707797 -0.060149152 -0.152997777 -0.859767318 -0.016091267 0.510432363 55.380023956
0.459641069 0.077899471 0.884681702 3.884031773 -0.052525189 0.996786416 -0.060480963 -0.170820847 -0.886550128 -0.018668542 0.462255716 55.565258026
0.410476834 0.075351983 0.908752382 4.319250107 -0.051507778 0.996904790 -0.059395727 -0.194429278 -0.910415173 -0.022427252 0.413087547 55.725566864
0.359809667 0.075100675 0.929998338 4.779448986 -0.054650761 0.996740282 -0.059346355 -0.217652336 -0.931423783 -0.029471733 0.362741143 55.891605377
0.310136467 0.075969808 0.947651803 5.231517315 -0.053255424 0.996625185 -0.062467016 -0.237584561 -0.949199200 -0.031094294 0.313135654 56.018104553
0.263326377 0.072445638 0.961982787 5.712804317 -0.041815683 0.997096300 -0.063643679 -0.269717425 -0.963800132 -0.023466906 0.265591145 56.101341248
0.219182581 0.066912539 0.973386705 6.235538483 -0.028319096 0.997661650 -0.062204484 -0.294113517 -0.975272775 -0.013931291 0.220564947 56.180084229
0.176975787 0.065796711 0.982013404 6.758354664 -0.019460216 0.997801840 -0.063347489 -0.326048583 -0.984022796 -0.007899223 0.177867189 56.242542267
0.138393417 0.067283981 0.988089144 7.268178940 -0.016232414 0.997709632 -0.065665551 -0.350101292 -0.990244329 -0.006951396 0.139168590 56.288314819
0.105431974 0.067984268 0.992099881 7.811071396 -0.007594141 0.997686267 -0.067560032 -0.384912401 -0.994397521 -0.000411160 0.105704300 56.322132111
0.076869115 0.066215523 0.994839966 8.370693207 -0.000116328 0.997792840 -0.066403069 -0.420161754 -0.997041166 0.004988619 0.076707140 56.338821411
0.051911920 0.064452000 0.996569693 8.933805466 0.006559207 0.997871637 -0.064877883 -0.455779344 -0.998630106 0.009904642 0.051378667 56.344917297
0.031936523 0.063854992 0.997448027 9.510785103 0.011670874 0.997865260 -0.064255379 -0.477874845 -0.999421775 0.013693182 0.031123094 56.347499847
0.016228627 0.065692686 0.997707903 10.100868225 0.014618762 0.997717083 -0.065931059 -0.504766226 -0.999761522 0.015655225 0.015231232 56.344875336
0.002410792 0.065314539 0.997861743 10.686691284 0.014768211 0.997753620 -0.065343119 -0.542913914 -0.999888062 0.014894163 0.001440795 56.340225220
-0.008859292 0.066266216 0.997762620 11.293222427 0.015982231 0.997683764 -0.066119060 -0.576751947 -0.999833047 0.015360706 -0.009897855 56.321872711
-0.018030683 0.069289438 0.997433603 11.927246094 0.021033023 0.997401357 -0.068906985 -0.612306476 -0.999616146 0.019736603 -0.019441195 56.309463501
-0.024379715 0.071010627 0.997177601 12.552844048 0.025059862 0.997204006 -0.070399821 -0.650121510 -0.999388635 0.023272805 -0.026091067 56.279205322
-0.029104397 0.070515625 0.997086048 13.200325966 0.025211586 0.997242987 -0.069790810 -0.685989201 -0.999258399 0.023106903 -0.030801967 56.265113831
-0.032785963 0.067915142 0.997152269 13.868147850 0.023539847 0.997464299 -0.067162417 -0.719750524 -0.999185085 0.021270826 -0.034301545 56.242298126
-0.035190884 0.060949802 0.997520268 14.545833588 0.021197496 0.997959495 -0.060228825 -0.758135617 -0.999155760 0.019025430 -0.036411062 56.225318909
-0.036334865 0.055442590 0.997800589 15.227940559 0.022632673 0.998249352 -0.054643374 -0.790950954 -0.999083400 0.020597434 -0.037526075 56.196586609
-0.037054852 0.052539688 0.997931123 15.923010826 0.024789190 0.998357892 -0.051641695 -0.829022765 -0.999005735 0.022824330 -0.038296424 56.173652649
-0.036784660 0.055012088 0.997807860 16.634628296 0.028297925 0.998140574 -0.053987224 -0.871108115 -0.998922467 0.026249990 -0.038272992 56.133258820
-0.035828430 0.062573239 0.997397065 17.334756851 0.029150378 0.997678638 -0.061543770 -0.902278483 -0.998932660 0.026869483 -0.037569299 56.106700897
-0.033655357 0.070670173 0.996931851 18.041971207 0.030137956 0.997115076 -0.069665737 -0.934293568 -0.998978972 0.027700862 -0.035688121 56.086772919
-0.031304166 0.071427941 0.996954381 18.768728256 0.030889971 0.997035980 -0.070463844 -0.968827486 -0.999032378 0.028590079 -0.033417787 56.062595367
-0.029077468 0.066981502 0.997330427 19.524394989 0.030554364 0.997345567 -0.066091701 -1.012608290 -0.999110043 0.028551014 -0.031046864 56.044334412
-0.026793377 0.060617905 0.997801363 20.278150558 0.030011101 0.997758567 -0.059809431 -1.059416056 -0.999190390 0.028342618 -0.028552532 56.020996094
-0.024000173 0.058844648 0.997978568 21.014459610 0.028190006 0.997908950 -0.058162615 -1.103807330 -0.999314368 0.026737109 -0.025608821 56.009098053
-0.020410262 0.064267077 0.997723997 21.744874954 0.035739280 0.997340918 -0.063511290 -1.146597743 -0.999152660 0.034361653 -0.022652848 55.984699249
-0.017402057 0.069773503 0.997411072 22.472723007 0.037682805 0.996899128 -0.069080226 -1.188559771 -0.999138176 0.036383104 -0.019977355 55.975868225
-0.015276943 0.070355467 0.997404993 23.214765549 0.031433251 0.997062087 -0.069849834 -1.234763980 -0.999389172 0.030284587 -0.017443562 55.988136292
-0.012012066 0.066745222 0.997697771 23.988817215 0.027155049 0.997423530 -0.066399917 -1.282081366 -0.999558985 0.026294928 -0.013793587 55.976287842
-0.007034127 0.063005827 0.997988403 24.727434158 0.031119801 0.997543395 -0.062758401 -1.333055377 -0.999490857 0.030615745 -0.008977576 55.962394714
-0.003080463 0.064105548 0.997938454 25.470403671 0.035660725 0.997315407 -0.063955456 -1.378286600 -0.999359190 0.035390187 -0.005358244 55.951854706
-0.001346968 0.068269543 0.997666061 26.208934784 0.035311792 0.997048020 -0.068179570 -1.434209347 -0.999375403 0.035137538 -0.003753713 55.973079681
0.002989613 0.069428891 0.997582436 26.978612900 0.031599090 0.997082174 -0.069488771 -1.470584273 -0.999496162 0.031730443 0.000787000 55.969715118
0.006544849 0.069173500 0.997583210 27.728258133 0.030865040 0.997115314 -0.069343552 -1.514110446 -0.999502122 0.031244291 0.004390926 55.981536865
0.010255697 0.065714769 0.997785747 28.474981308 0.035089690 0.997200012 -0.066036865 -1.564828157 -0.999331534 0.035689250 0.007921070 55.986042023
0.014270213 0.066195175 0.997704625 29.220975876 0.039279632 0.996999025 -0.066710174 -1.615721464 -0.999126375 0.040141441 0.011627264 55.986518860
0.017444432 0.066905245 0.997606754 29.980888367 0.042695019 0.996798694 -0.067597620 -1.672352791 -0.998935819 0.043772046 0.014532066 56.001380920
0.020380462 0.067040563 0.997542024 30.730880737 0.043008778 0.996766925 -0.067867160 -1.715932369 -0.998866737 0.044286236 0.017431239 56.015262604
0.023880268 0.065422513 0.997571886 31.476995468 0.044553079 0.996795356 -0.066438124 -1.764063239 -0.998721540 0.046031460 0.020888966 56.035869598
0.027196066 0.064647667 0.997537494 32.217391968 0.046632033 0.996738136 -0.065867223 -1.809861779 -0.998541832 0.048308529 0.024092708 56.058223724
0.030279210 0.064273804 0.997472882 32.968086243 0.044946149 0.996833444 -0.065596983 -1.868005157 -0.998530388 0.046818785 0.027294466 56.086063385
0.033137929 0.065975182 0.997270882 33.733097076 0.041839648 0.996852696 -0.067337774 -1.914720416 -0.998574674 0.043956894 0.030273259 56.112548828
0.036091801 0.065858021 0.997176051 34.485149384 0.043969974 0.996755242 -0.067421675 -1.960044503 -0.998380721 0.046279173 0.033078916 56.137130737
0.038850956 0.065903358 0.997069418 35.248043060 0.041538965 0.996853650 -0.067507669 -2.004081011 -0.998381317 0.044039972 0.035991158 56.171207428
0.041107435 0.066471227 0.996941268 36.001720428 0.039703380 0.996887803 -0.068104789 -2.047462225 -0.998365641 0.042381540 0.038340375 56.210620880
0.044080012 0.065762915 0.996861279 36.766540527 0.037114929 0.997034311 -0.067415528 -2.104709387 -0.998338342 0.039970104 0.041508503 56.247112274
0.046751127 0.068269134 0.996570945 37.531795502 0.035283182 0.996926427 -0.069948688 -2.148025990 -0.998283207 0.038432375 0.044198677 56.294685364
0.050381135 0.072120883 0.996122599 38.294742584 0.034161404 0.996681154 -0.073889114 -2.192630291 -0.998145640 0.037751570 0.047750179 56.335105896
0.053454276 0.073609553 0.995853543 39.063262939 0.034836363 0.996534824 -0.075529814 -2.252330065 -0.997962534 0.038729306 0.050704759 56.383239746
0.056460056 0.075689614 0.995531619 39.827651978 0.028563080 0.996591568 -0.077390112 -2.305786610 -0.997996211 0.032804903 0.054105692 56.436859131
0.059132408 0.075092264 0.995421767 40.615547180 0.024753263 0.996749699 -0.076662891 -2.355040550 -0.997943223 0.029173193 0.057081442 56.490547180
0.063106775 0.075649522 0.995135546 41.392337799 0.027103972 0.996625304 -0.077481575 -2.410727262 -0.997638643 0.031861737 0.060843412 56.541267395
0.067111932 0.076773971 0.994787216 42.163761139 0.026111433 0.996558368 -0.078672245 -2.467346191 -0.997403741 0.031255167 0.064876288 56.590049744
0.070590377 0.077784941 0.994467914 42.945598602 0.022313813 0.996582389 -0.079534225 -2.521362543 -0.997255862 0.027804723 0.068613440 56.665695190
0.074995808 0.075888760 0.994291961 43.740818024 0.021350369 0.996749222 -0.077686690 -2.574013472 -0.996955276 0.027054679 0.073131762 56.725090027
0.079386696 0.075692885 0.993965924 44.544746399 0.021380713 0.996754289 -0.077612877 -2.641415834 -0.996614575 0.027413132 0.077510670 56.790817261
0.084744044 0.079126857 0.993255973 45.338554382 0.018353859 0.996548772 -0.080955125 -2.699654579 -0.996233642 0.025090547 0.082999304 56.864601135
0.090153091 0.087731674 0.992056310 46.134159088 0.016083606 0.995854259 -0.089529157 -2.762754202 -0.995798051 0.024027172 0.088368297 56.957691193
0.097593226 0.092436552 0.990924418 46.913978577 0.015166776 0.995423555 -0.094349988 -2.824804544 -0.995110750 0.024237046 0.095744625 57.037654877
0.104557797 0.095651329 0.989908338 47.690822601 0.009706072 0.995218575 -0.097189635 -2.892057419 -0.994471431 0.019770052 0.103129454 57.133895874
0.111524254 0.093621843 0.989341855 48.498912811 0.006754812 0.995457947 -0.094962053 -2.964627266 -0.993738770 0.017273391 0.110385299 57.238723755
0.118784711 0.092405386 0.988610864 49.306053162 0.006559235 0.995565414 -0.093843527 -3.029512644 -0.992898405 0.017631708 0.117651828 57.347507477
0.126874968 0.088627212 0.987951398 50.137622833 0.006209551 0.995909870 -0.090138599 -3.102448463 -0.991899252 0.017571066 0.125805721 57.450786591
0.134198576 0.082664609 0.987500548 50.947029114 0.004253744 0.996457338 -0.083992451 -3.177452564 -0.990945339 0.015472244 0.133371517 57.571224213
0.141046643 0.075973414 0.987083554 51.746601105 0.001398614 0.997034788 -0.076939195 -3.229440212 -0.990001976 0.012232563 0.140522152 57.697837830
0.148563549 0.073101521 0.986197293 52.550952911 0.001485169 0.997246325 -0.074144259 -3.296612501 -0.988901734 0.012479804 0.148045883 57.826229095
0.155423388 0.075010315 0.984995902 53.372356415 0.000948871 0.997101128 -0.076081879 -3.360100746 -0.987847447 0.012759539 0.154901668 57.966094971
0.161682948 0.081919760 0.983436763 54.162750244 0.001257640 0.996530592 -0.083217248 -3.416647911 -0.986842036 0.014691619 0.161018983 58.094173431
0.165973410 0.085225187 0.982440591 54.942108154 -0.000414689 0.996264458 -0.086354330 -3.480128050 -0.986130238 0.013925116 0.165388718 58.243949890
0.171076849 0.087824263 0.981335640 55.727268219 -0.001207578 0.996037245 -0.088929467 -3.547369719 -0.985257030 0.014028734 0.170504972 58.393859863
0.176741123 0.087713115 0.980341315 56.489395142 -0.003468867 0.996070623 -0.088495076 -3.607709646 -0.984251261 0.012240044 0.176350892 58.529975891
0.181899771 0.084714554 0.979661107 57.250625610 -0.000381961 0.996288061 -0.086081438 -3.683363914 -0.983316958 0.015284001 0.181256965 58.664840698
0.186354369 0.078036740 0.979378521 58.010871887 0.000926689 0.996826231 -0.079603314 -3.738438845 -0.982482195 0.015742002 0.185690612 58.813095093
0.189926073 0.071969703 0.979157031 58.764389038 -0.001047799 0.997323990 -0.073101759 -3.797334909 -0.981797874 0.012857970 0.189493209 58.961139679
0.192786664 0.068914525 0.978817761 59.500724792 -0.004605642 0.997583330 -0.069328606 -3.852756500 -0.981229961 0.008857548 0.192638159 59.122951508
0.196061820 0.068962283 0.978163600 60.231090546 -0.006382355 0.997592628 -0.069052801 -3.905801773 -0.980570853 0.007295628 0.196029946 59.272121429
0.197962448 0.070772596 0.977651298 60.943889618 -0.008210801 0.997474790 -0.070545025 -3.957124472 -0.980175197 0.005937970 0.198043630 59.427036285
0.199541241 0.075305052 0.976991475 61.644992828 -0.012400650 0.997156918 -0.074326657 -4.007529259 -0.979810953 0.002715902 0.199907750 59.578674316
0.201491833 0.079349466 0.976270795 62.334156036 -0.013615693 0.996843874 -0.078211464 -4.060704231 -0.979395509 0.002466367 0.201936275 59.732337952
0.203129321 0.084434398 0.975504577 63.011131287 -0.013663767 0.996422529 -0.083399728 -4.115135670 -0.979056537 0.003611864 0.203556329 59.886627197
0.204823345 0.086365364 0.974981189 63.690574646 -0.013333036 0.996253312 -0.085448690 -4.173089504 -0.978708029 0.004502427 0.205207482 60.031745911
0.206197962 0.086303093 0.974696994 64.352378845 -0.015621361 0.996266305 -0.084908217 -4.225452900 -0.978385568 0.002281807 0.206776261 60.179821014
0.207230821 0.083386801 0.974731743 65.032623291 -0.015780380 0.996515930 -0.081895463 -4.283590794 -0.978164792 0.001589625 0.207824707 60.324653625
0.207932144 0.080835253 0.974797308 65.686965942 -0.015775155 0.996726871 -0.079288781 -4.337567329 -0.978016019 0.001109108 0.208526760 60.465415955
0.208082005 0.079650298 0.974862933 66.339172363 -0.014528623 0.996820569 -0.078343220 -4.387796402 -0.978003502 0.002138400 0.208577663 60.606605530
0.206498682 0.079150990 0.975240231 66.973434448 -0.014849314 0.996861458 -0.077761568 -4.434899330 -0.978334248 0.001576012 0.207025900 60.744964600
0.204856977 0.079838499 0.975530326 67.592658997 -0.016332045 0.996807814 -0.078150205 -4.492049694 -0.978655696 0.000077210 0.205506966 60.874988556
0.202177599 0.082642660 0.975855649 68.205673218 -0.016803250 0.996579289 -0.080916390 -4.543198109 -0.979204774 -0.000038064 0.202874660 61.017738342
0.200417325 0.086408049 0.975892782 68.808288574 -0.013934090 0.996253669 -0.085349262 -4.588990211 -0.979611456 0.003507291 0.200870529 61.139110565
0.198945493 0.087049447 0.976136744 69.409095764 -0.011721515 0.996187389 -0.086448565 -4.636151791 -0.979940414 0.005756751 0.199207336 61.255966187
0.196342528 0.086020298 0.976754844 69.998352051 -0.012260853 0.996281981 -0.085275389 -4.679614544 -0.980458617 0.004767338 0.196667209 61.383953094
0.194069043 0.083200112 0.977453291 70.581649780 -0.012809962 0.996526897 -0.082280286 -4.728202343 -0.980904162 0.003446919 0.194460824 61.498119354
0.191937596 0.078887068 0.978231430 71.154930115 -0.011987513 0.996878207 -0.078038760 -4.781596184 -0.981333852 0.003252007 0.192284092 61.611370087
0.190497681 0.078014769 0.978582740 71.719551086 -0.008202526 0.996928930 -0.077880599 -4.828854561 -0.981653392 0.006809223 0.190552548 61.712501526
0.188502282 0.079527140 0.978847384 72.274383545 -0.004753879 0.996778011 -0.080068447 -4.871224880 -0.982061207 0.010439761 0.188272998 61.817665100
0.185680494 0.081575140 0.979218125 72.817817688 -0.000952906 0.996562421 -0.082839318 -4.914515972 -0.982609689 0.014448542 0.185119912 61.921398163
0.184120297 0.083643802 0.979338229 73.365234375 -0.001046095 0.996388614 -0.084903359 -4.950947762 -0.982903242 0.014607953 0.183542877 62.025230408
0.182762906 0.086064287 0.979382932 73.904464722 -0.001919394 0.996190429 -0.087183110 -4.996026516 -0.983155072 0.014054020 0.182231888 62.124870300
0.181608900 0.084308416 0.979750156 74.458206177 -0.000073308 0.996319175 -0.085720621 -5.044206619 -0.983370781 0.015495800 0.180946618 62.226348877
0.182706162 0.083097942 0.979649544 75.012130737 0.006050664 0.996307850 -0.085639425 -5.081685066 -0.983148932 0.021574382 0.181528777 62.316341400
0.184623063 0.081061557 0.979460776 75.557899475 0.011168033 0.996355355 -0.084564902 -5.123918533 -0.982745945 0.026551282 0.183044896 62.414257050
0.186603576 0.080753013 0.979110897 76.123313904 0.013639424 0.996307194 -0.084770739 -5.169961929 -0.982340574 0.029173031 0.184813023 62.523807526
0.189279735 0.080499493 0.978617907 76.678474426 0.010682570 0.996406019 -0.084028892 -5.216503143 -0.981865048 0.026359120 0.187739536 62.652629852
0.194651082 0.081194356 0.977506220 77.237602234 0.009023164 0.996377647 -0.084558666 -5.264397144 -0.980831027 0.025279636 0.193213373 62.774616241
0.201881647 0.079487815 0.976178944 77.776023865 0.011188285 0.996448994 -0.083452173 -5.308721066 -0.979345977 0.027769238 0.200275436 62.871734619
0.209610775 0.080424272 0.974471748 78.344894409 0.009348272 0.996401191 -0.084244967 -5.341837406 -0.977740288 0.026768284 0.208104610 63.000282288
0.217757553 0.077913128 0.972888052 78.916549683 0.009553607 0.996590674 -0.081949681 -5.393324375 -0.975956142 0.027139753 0.216270804 63.143180847
0.226942122 0.077405237 0.970827281 79.492301941 0.006251182 0.996700227 -0.080929399 -5.440310001 -0.973888278 0.024435110 0.225709394 63.284484863
0.236319408 0.077594161 0.968572259 80.071517944 0.004833259 0.996700227 -0.081026800 -5.480010986 -0.971663415 0.023829568 0.235164583 63.436191559
0.245940477 0.081309214 0.965868533 80.678504944 -0.000754477 0.996491134 -0.083694987 -5.534080505 -0.969284654 0.019855263 0.245138884 63.612682343
0.255241334 0.083343916 0.963278711 81.256523132 -0.003803493 0.996356785 -0.085198075 -5.570418358 -0.966869891 0.018082250 0.254628479 63.773399353
0.265937626 0.086294949 0.960119903 81.859703064 -0.007898074 0.996146798 -0.087345362 -5.615926743 -0.963957846 0.015645323 0.265594482 63.956104279
0.275966167 0.088120066 0.957119405 82.466148376 -0.009347218 0.995987535 -0.089003481 -5.666585445 -0.961121857 0.015615545 0.275682539 64.146095276
0.286055595 0.088747174 0.954094470 83.090530396 -0.012192981 0.995958328 -0.088985540 -5.715950489 -0.958135366 0.013821559 0.285981566 64.343086243
0.296190679 0.089148641 0.950959325 83.703414917 -0.013358708 0.995923877 -0.089203112 -5.768082619 -0.955035329 0.013717544 0.296174318 64.544174194
0.306591332 0.090555981 0.947523713 84.350334167 -0.017793188 0.995835364 -0.089415826 -5.807591438 -0.951674938 0.010554655 0.306925833 64.759162903
0.317217529 0.086017810 0.944443703 85.010826111 -0.016749263 0.996230900 -0.085108757 -5.849282265 -0.948204935 0.011179251 0.317462653 64.988632202
0.327774197 0.078584068 0.941482067 85.675956726 -0.013449544 0.996821702 -0.078520760 -5.908011436 -0.944660425 0.013074574 0.327789396 65.222137451
0.338609248 0.074234307 0.937994123 86.332153320 -0.012149983 0.997144759 -0.074529529 -5.961939812 -0.940848649 0.013839774 0.338544399 65.467910767
0.348789543 0.070976399 0.934509635 87.016159058 -0.013008061 0.997398674 -0.070897818 -6.010286808 -0.937110841 0.012572262 0.348805487 65.734687805
0.358232886 0.068692192 0.931101859 87.701477051 -0.006888350 0.997456968 -0.070937335 -6.050383568 -0.933606863 0.018998334 0.357795060 65.997772217
0.366891295 0.063192450 0.928115010 88.406684875 -0.000039436 0.997691154 -0.067914099 -6.090076447 -0.930263817 0.024880489 0.366046757 66.274452209
0.374100715 0.053925853 0.925818920 89.126899719 0.009757269 0.998023868 -0.062074222 -6.129464149 -0.927336752 0.032255471 0.372835249 66.552810669
0.380635113 0.049837705 0.923381388 89.829933167 0.014406832 0.998105764 -0.059809580 -6.173467159 -0.924613059 0.036068626 0.379196137 66.850112915
0.388312340 0.049601745 0.920191944 90.549636841 0.016280917 0.998025239 -0.060667641 -6.226716518 -0.921383917 0.038539566 0.386737913 67.146301270
0.395698160 0.055829544 0.916682065 91.256324768 0.018610831 0.997457981 -0.068782732 -6.266991138 -0.918192029 0.044277418 0.393653274 67.451812744
0.402631104 0.060189646 0.913381338 91.979423523 0.022216747 0.996899247 -0.075486735 -6.313836575 -0.915092707 0.050685663 0.400045395 67.773712158
0.408189207 0.062372487 0.910764039 92.688079834 0.020212950 0.996801138 -0.077323720 -6.364267826 -0.912673593 0.049971942 0.405622661 68.094909668
0.412574142 0.063624777 0.908699334 93.378410339 0.013522766 0.997020006 -0.075948462 -6.427701473 -0.910823643 0.043622509 0.410484344 68.421318054
0.416312337 0.067302197 0.906727374 94.067329407 0.006693659 0.997002721 -0.077076249 -6.486868382 -0.909196973 0.038157109 0.414613992 68.760772705
0.420513451 0.070431612 0.904548407 94.747032166 0.005932116 0.996747613 -0.080368362 -6.545751572 -0.907266915 0.039161861 0.418727934 69.083076477
0.424340844 0.074939623 0.902396202 95.407539368 0.002258245 0.996478856 -0.083814636 -6.600391388 -0.905499756 0.037603807 0.422677398 69.395515442
0.428057879 0.077485219 0.900423467 96.076461792 -0.000334817 0.996331334 -0.085579298 -6.660283089 -0.903751314 0.036331423 0.426513344 69.722953796
0.432120264 0.076070502 0.898602009 96.732345581 -0.001539778 0.996496737 -0.083617292 -6.716250420 -0.901814699 0.034749072 0.430723608 70.038673401
0.436514258 0.072615445 0.896762073 97.385864258 -0.000086448 0.996740937 -0.080669157 -6.776662350 -0.899697304 0.035135720 0.435097963 70.352470398
0.439757437 0.070276774 0.895362794 98.031974792 -0.000560004 0.996955097 -0.077975690 -6.828971863 -0.898116410 0.033788979 0.438457817 70.681449890
0.443065464 0.069371946 0.893801153 98.661582947 -0.001814652 0.997068942 -0.076487496 -6.890484333 -0.896487474 0.032267027 0.441892654 71.009780884
0.446578503 0.070463158 0.891965568 99.276962280 -0.003890310 0.997037709 -0.076815858 -6.951295853 -0.894736111 0.030834286 0.445529729 71.320518494
0.449344188 0.071496867 0.890493095 99.885452271 -0.003318275 0.996919036 -0.078367300 -6.997437477 -0.893352628 0.032258991 0.448197037 71.627243042
0.451601893 0.069541216 0.889505327 100.494033813 -0.001423260 0.997012794 -0.077223524 -7.054798603 -0.892218351 0.033608295 0.450351864 71.936500549
0.453440577 0.068671659 0.888637066 101.089263916 0.000604426 0.997003436 -0.077354364 -7.101068497 -0.891286314 0.035612725 0.452040315 72.237106323
0.455124736 0.068362907 0.887799561 101.669746399 -0.000540117 0.997069418 -0.076500095 -7.152755737 -0.890427470 0.034337565 0.453827858 72.544181824
0.457245350 0.067370944 0.886785090 102.246063232 0.001403961 0.997070730 -0.076473482 -7.202538013 -0.889339387 0.036212154 0.455811322 72.840789795
0.459825337 0.069278017 0.885302901 102.808219910 0.000761939 0.996921003 -0.078408286 -7.247247696 -0.888009071 0.036728658 0.458356768 73.136459351
0.462631255 0.069082230 0.883855164 103.359199524 0.003869077 0.996792614 -0.079934597 -7.295957565 -0.886542320 0.040399946 0.460880131 73.422706604
0.465779841 0.068590030 0.882238328 103.906669617 0.004579682 0.996791244 -0.079913855 -7.353096962 -0.884888768 0.041262630 0.463971138 73.707176208
0.468861431 0.066786073 0.880743146 104.439186096 0.007755761 0.996787548 -0.079714403 -7.399061203 -0.883237660 0.044205848 0.466837287 73.991493225
0.472241640 0.065981075 0.878996193 104.971107483 0.009205807 0.996770978 -0.079767570 -7.442893982 -0.881421089 0.045761436 0.470109344 74.276298523
0.475064427 0.065432169 0.877514958 105.484519958 0.010378561 0.996745467 -0.079941340 -7.489281654 -0.879889786 0.047084630 0.472839236 74.564125061
0.478579164 0.064414255 0.875678480 105.998756409 0.010807614 0.996797681 -0.079230331 -7.540882587 -0.877977908 0.047381982 0.476350486 74.849914551
0.481942445 0.063978955 0.873863935 106.498069763 0.012371747 0.996734381 -0.079797886 -7.583957195 -0.876115561 0.049269214 0.479576975 75.128326416
0.486080021 0.065375686 0.871465564 107.010848999 0.011954946 0.996607244 -0.081431724 -7.628559589 -0.873832643 0.050000660 0.483649254 75.413063049
0.489806771 0.065136261 0.869394481 107.497146606 0.013788307 0.996501625 -0.082427509 -7.680469036 -0.871721983 0.052361023 0.487195104 75.693168640
0.494925529 0.068838313 0.866204381 107.992362976 0.011726735 0.996237040 -0.085872501 -7.724933147 -0.868856251 0.052658245 0.492255926 75.984756470
0.500532687 0.074482381 0.862507582 108.477416992 0.008450657 0.995824158 -0.090899140 -7.771408558 -0.865676343 0.052786749 0.497813165 76.273498535
0.506266773 0.081653669 0.858502567 108.961875916 0.002956897 0.995337129 -0.096411936 -7.822734356 -0.862371862 0.051348656 0.503664672 76.575729370
0.511896312 0.087712705 0.854557574 109.438278198 -0.002208371 0.994904757 -0.100795232 -7.877526283 -0.859044433 0.049709532 0.509481847 76.884445190
0.517839611 0.092494339 0.850462794 109.914657593 -0.005789652 0.994493842 -0.104633562 -7.928013325 -0.855458140 0.049259525 0.515523911 77.207618713
0.523782551 0.092848942 0.846776664 110.400039673 -0.010377471 0.994663835 -0.102645658 -7.975989819 -0.851788700 0.044976611 0.521951199 77.499443054
0.529524744 0.092396140 0.843247533 110.897697449 -0.016943544 0.995004237 -0.098384537 -8.022972107 -0.848125219 0.037809446 0.528444886 77.825775146
0.535083592 0.089783408 0.840014577 111.392105103 -0.023039820 0.995517492 -0.091727868 -8.078062057 -0.844484806 0.029728295 0.534753799 78.167053223
0.540870786 0.087949499 0.836494803 111.894332886 -0.029379135 0.995886683 -0.085711733 -8.133248329 -0.840592444 0.021783482 0.541230023 78.509140015
0.546841621 0.085861258 0.832821727 112.404907227 -0.031996883 0.996144056 -0.081689693 -8.184228897 -0.836624384 0.018023631 0.547480464 78.865295410
0.553369105 0.089562491 0.828106940 112.919174194 -0.037054408 0.995865047 -0.082945041 -8.228344917 -0.832111597 0.015214217 0.554399610 79.222709656
0.559372365 0.093473002 0.823629379 113.430587769 -0.040903352 0.995523810 -0.085201420 -8.272406578 -0.827906668 0.013970125 0.560691893 79.589576721
0.565325260 0.096602574 0.819191873 113.963630676 -0.043609727 0.995229959 -0.087266609 -8.324457169 -0.823714495 0.013609288 0.566841424 79.974067688
0.571846008 0.098977365 0.814368248 114.500465393 -0.045732010 0.994997442 -0.088817991 -8.369021416 -0.819085300 0.013547521 0.573511660 80.360466003
